posx,posy,posz,tanx,tany,tanz,normx,normy,normz,binormx,binormy,binormz
-0.7619051203470361,0.09122237900277885,0.004116667593568619,-0.10029898652551472,-0.9263130758964335,-0.363158641264727,0.9924912613932765,-0.1188302999755734,0.028990616856117042,-0.07000863775233393,-0.3575240484652793,0.9312761917976101
-0.7621772238917354,0.08870132389567625,0.00312291740249472,-0.09955039047568372,-0.9251207895160417,-0.3663894711387797,0.9930557622911301,-0.11557070725320659,0.021992376073906476,-0.06268949462646316,-0.3616558259315194,0.9302016398788326
-0.7624466041929415,0.08619126790357773,0.002125742586957493,-0.09896556657282668,-0.9245080477741288,-0.3680905951444407,0.9935595899568519,-0.11231758437272785,0.014970018218010505,-0.05518294879481936,-0.3642384244441331,0.9296694102318113
-0.7627148983650917,0.08367893661506237,0.0011251159133259863,-0.09850389540675943,-0.9245805641232065,-0.36803228531652954,0.9940042329284079,-0.10905413986354909,0.007923351502295678,-0.04746122111894941,-0.3650451684712928,0.9297792520085957
-0.7629835472238471,0.08115125759376579,0.00012135333406885269,-0.09810256864570899,-0.9253192861067432,-0.3662787255411122,0.9943909085394977,-0.1057638438750143,0.0008546009441468492,-0.03952982467841351,-0.364140396121728,0.9305047903547865
-0.7632535981398616,0.07859718248898862,-0.000884963385839669,-0.09769189663722302,-0.9265855207112814,-0.3631742916832433,0.9947204015162572,-0.102432823263504,-0.006232136519997667,-0.03142636057131209,-0.36186570648027877,0.9317003779835933
-0.7635255707019887,0.07600927109748101,-0.001893102916535548,-0.09721211014243657,-0.9281560614229478,-0.35927166780236897,0.9949929540600285,-0.09905194021949804,-0.013331710679827802,-0.023212647685100393,-0.3587687817837469,0.9331377895063803
-0.7637994054378969,0.07338480684978715,-0.002902321271322568,-0.09662665929432346,-0.9297719796740452,-0.35522859474798113,0.9952082205379625,-0.09561825070762871,-0.020438882192412446,-0.014962836872767192,-0.3555013585693024,0.9345559895309105
-0.7640745026431458,0.07072627520045616,-0.00391199811161729,-0.09592892941959173,-0.9311831520147738,-0.35170382128183064,0.995365291836973,-0.09213562200010068,-0.02754928247617809,-0.006751022641700827,-0.3527165498845856,0.9357058614387355
-0.7643498434426921,0.06804112371014098,-0.004921751172522866,-0.09514198335928171,-0.9321783024955442,-0.3492729811465349,0.9954627850542455,-0.08861440489298074,-0.034660219524808966,0.0013588872312618706,-0.35098589658558704,0.936379759405074
-0.7646241713507629,0.06534082332536484,-0.005931510581046008,-0.09431283101078615,-0.9326001904777184,-0.348370456020103,0.9954989852163405,-0.08507018970992251,-0.04177120127497193,0.009319889482559551,-0.35074199569433023,0.9364257536593018
-0.7648962026786376,0.06263935043142654,-0.006941540541975624,-0.09350326887870604,-0.9323518471070317,-0.3492523040798767,0.9954720191363239,-0.08152180705433408,-0.04888408832377201,0.017105491096330794,-0.35224171838483626,0.9357527312295973
-0.7651648302618819,0.059951294370764574,-0.007952403441497015,-0.09277894918260111,-0.9314010435139932,-0.3519718209311885,0.9953800388614956,-0.07798884548855328,-0.056002841137303,0.024711228716105198,-0.355541609548597,0.9343337300209884
-0.765429287792959,0.057289852752352766,-0.008964869813579879,-0.09219777072633632,-0.9297877078604525,-0.3563627216540753,0.9952213938307669,-0.07448903251789249,-0.06313288601112592,0.032155067013444914,-0.36048051590364016,0.9322123413253046
-0.7656892505762916,0.05466499812439507,-0.009979785651434816,-0.0917984837430576,-0.9276343060075323,-0.3620326403798414,0.9949947759026296,-0.07103585105519297,-0.07028018064390716,0.039477009878554174,-0.3666721999044765,0.9295122718438203
-0.7659448605490522,0.05208208057065683,-0.010997915085158197,-0.09159076273291172,-0.9251533861977578,-0.36837799091263074,0.9946993279124431,-0.0676367362825269,-0.07745010623350836,0.046737343019661634,-0.37351905428220195,0.926444351731712
-0.7661966762462777,0.049541073387580514,-0.012019780541497086,-0.09154873939650814,-0.9226413846965636,-0.37463542752937506,0.994334712291741,-0.06429212039237592,-0.08464634184152871,0.054012112036198934,-0.38026227593683254,0.9233002183757618
-0.7664455597117478,0.04703658068092231,-0.013045523534746311,-0.0916105353304796,-0.9204470545456339,-0.37997990683025573,0.9939011401563694,-0.06099547524994107,-0.09186988404750927,0.06138430917043905,-0.3860787118934436,0.9204212051068617
-0.7666925207312685,0.04455861859305371,-0.014074807010265639,-0.09168589613806263,-0.9189106863117752,-0.38366241284674074,0.9933993629654331,-0.057734361726575756,-0.09911835922722291,0.0689304149793999,-0.3902177521052156,0.9181387170971065
-0.7669385436831507,0.042094070983286824,-0.015106774928495941,-0.09167207819198522,-0.9182864193778366,-0.3851574769703875,0.9928306292736115,-0.05449234925959139,-0.1063857389330701,0.07670444352270087,-0.3921487420079309,0.9166983105064993
-0.767184423822675,0.03962862158256658,-0.016140077219388465,-0.09147508569785037,-0.9186754158430983,-0.3842756680068118,0.992196609590347,-0.05125154103239485,-0.11366251562949634,0.08472423864509815,-0.3916743033022657,0.9161948720216093
-0.767430638114394,0.03714889230949259,-0.017172959377081257,-0.09103071619631527,-0.9199989941224087,-0.381202386564594,0.9914992938887065,-0.047995347936733324,-0.12093633364141729,0.09296536412547511,-0.38897081817301943,0.9165474039474607
-0.7676772708379151,0.03464448240702883,-0.018203407027852284,-0.09031940438931936,-0.9220231593461962,-0.37645145612683945,0.9907408689155166,-0.04471111221725167,-0.1281930072383965,0.10136535824080119,-0.384544158808264,0.9175243070759262
-0.7679240061686201,0.032109611060918364,-0.01922932804979631,-0.08937111209939642,-0.9244208401295783,-0.3707545207495679,0.9899235852632151,-0.04139219642503517,-0.13541780316757968,0.10983669542433998,-0.37912108410010115,0.9188052589798477
-0.7681701892623287,0.02954411691946096,-0.020248749363042367,-0.08826019704703576,-0.9268436124570697,-0.3649260961684535,0.9890496259140112,-0.038039223853781806,-0.14259682650029842,0.11828345233621212,-0.3735156429068678,0.9200516775743068
-0.7684149453889061,0.026953655117575248,-0.021260003149308572,-0.08709311492329715,-0.9289784084235754,-0.35974144328358687,0.9881209877739144,-0.03466027369550355,-0.14971833203738433,0.12661636092409712,-0.36850750617884775,0.9209617337523777
-0.7686573356004751,0.024349044383960072,-0.022261878375844774,-0.08599260082384377,-0.9305794985822607,-0.35584697472641114,0.9871393855933445,-0.03126998156361777,-0.15677379137918845,0.13476314783332113,-0.36475195005839106,0.9213006615186247
-0.7688965199410256,0.021744838148931078,-0.023253717980964556,-0.0850808980880183,-0.9314799821130055,-0.3537036665109525,0.9861061845247329,-0.027887653050886398,-0.16375857733073637,0.1426738715484017,-0.36272209986443915,0.9209108776897589
-0.7691318974967146,0.019157307119485822,-0.024235449339660813,-0.08446293616982392,-0.9315936271987498,-0.35355243766130184,0.9850223646357911,-0.024534642263970848,-0.17067217844831564,0.1503228312030038,-0.3626725314821286,0.9197128254664375
-0.7693631974689004,0.01660211006728668,-0.025207544683720697,-0.08420935623297676,-0.9309173938889072,-0.35538934997817934,0.9838885187899786,-0.02123135800702366,-0.17751792030789232,0.1577091212203317,-0.36461217093270876,0.9177068147789075
-0.7695905058954668,0.014091981173958601,-0.026170917753046086,-0.08433963881006865,-0.929540028083545,-0.3589459033278266,0.9827048842788425,-0.017994321165254634,-0.18430223769750745,0.1648573193397679,-0.3682818765514317,0.9149811602781021
-0.7698142260077021,0.011634767895132514,-0.027126771762113238,-0.08480741522920524,-0.9276545813176058,-0.36368211405374146,0.9814714074040122,-0.014833698358726237,-0.19103360395854388,0.1718184471194193,-0.37314466250163586,0.9117244551266636
-0.770034983126139,0.009232111095502205,-0.028076420527451098,-0.08549278559219944,-0.9255638180629118,-0.36881242157022226,0.9801878375784018,-0.011751677792932963,-0.19772127132007797,0.17866949005093966,-0.37840919222695457,0.9082310810377946
-0.7702534945496988,0.0068789741975470164,-0.029021108333865016,-0.08620853539845008,-0.9236605804969179,-0.3733888328010775,0.9788538428370154,-0.008741940641220169,-0.2043740023511622,0.18550806663771147,-0.3831118772759756,0.9048823385956962
-0.7704704295147102,0.004564111565960538,-0.029961854241707022,-0.0867259813579896,-0.9223675425814627,-0.37645281317812873,0.9774691326300147,-0.005790330170642135,-0.21099897353314814,0.19243881862301246,-0.38627009781854504,0.902087973879616
-0.7706862840467541,0.0022714343322916553,-0.030899342975865548,-0.08681985190518095,-0.9220391032595779,-0.3772349471820393,0.9760335684196827,-0.0028766518915276334,-0.21760100687229275,0.19955146362054849,-0.38708605882176694,0.9001908666681352
-0.7709012916124269,-1.789714351940752e-05,-0.03183387773376883,-0.08632171449002245,-0.9228571981520243,-0.3753440467444482,0.9745472404403581,2.2624961222729923e-05,-0.22418223756175237,0.20689668377619305,-0.3851423000750588,0.8993659827541329
-0.7711153844091947,-0.0023229325705005355,-0.03276540112388518,-0.08516414220760939,-0.9247701383931621,-0.3708736442756936,0.9730104918638518,0.0029311278294885026,-0.23074226143581128,0.21447063110110673,-0.38051491380225666,0.8995614202316339
-0.7713282129456378,-0.00466029164018239,-0.0336935802744918,-0.08339961296680531,-0.927507471790471,-0.36438220912914493,0.9714238797421225,0.005869250611936748,-0.23727873432740695,0.2222164494895662,-0.3737585339093986,0.900513413507066
-0.771539223580092,-0.007041795955197383,-0.03461794239230768,-0.08118933112299101,-0.9306613847873078,-0.35675997446122226,0.9697880737459554,0.008851202280312219,-0.24378832670639222,0.23004213642702684,-0.36577457960329013,0.9018256884698536
-0.7717477848908953,-0.00947271472273753,-0.03553803913303238,-0.07877029880502301,-0.9337907392977768,-0.34904168121855983,0.9681037058542811,0.01188285915051678,-0.25026788121853816,0.2378454429611267,-0.3576222208701807,0.9030702588406425
-0.7719533445419063,-0.011950887103328034,-0.03645361326451348,-0.07641537314246644,-0.9365028962602698,-0.34223240063387317,0.9663711936843525,0.014960739683670267,-0.2567155863698134,0.24553494000768464,-0.3503405508419539,0.9038661912424754
-0.7721555900623973,-0.014466866030577619,-0.037364740035910754,-0.07439826392632579,-0.9384935315025538,-0.33718657988213846,0.9645905651672753,0.018072267636509414,-0.26313197208387856,0.25304137984729985,-0.34482355556188354,0.9039174606205121
-0.7723545820018747,-0.01700508682836005,-0.0382719186539745,-0.07296771019112318,-0.9395510244328187,-0.334543847285681,0.96276131261177,0.021197310273623933,-0.2695205539012292,0.2603197422546471,-0.3417521712065697,0.9030166583557967
-0.7725508287273747,-0.01954591859427962,-0.039176095972160936,-0.07232816424309858,-0.9395445799848253,-0.3347007900772891,0.9608823011476485,0.02431079812295862,-0.2758879998039503,0.2673459182378197,-0.3415625379279217,0.9010334026471016
-0.7727452801335102,-0.022068327705269453,-0.04007861404157786,-0.0726211933319195,-0.9384149567656348,-0.33779214200096447,0.9589517517897798,0.02738607670095849,-0.28224376085618214,0.2741125681510439,-0.34442324503651184,0.8979058571254329
-0.7729392320936033,-0.024552789668976116,-0.04098108425118937,-0.07390265253915332,-0.9361805193472154,-0.343663255444127,0.9569673138666935,0.030398530960591953,-0.2885991848675308,0.2806277928831041,-0.3502027477193976,0.8936476248227495
-0.7731341516397368,-0.02698404197505655,-0.041885201843602816,-0.07611483175587794,-0.9329631751899167,-0.351832696215578,0.9549262349611258,0.03332897602909252,-0.2949662101662171,0.2869188355088302,-0.35842557539383396,0.8883741828384343
-0.7733314501284081,-0.029353283859486046,-0.04279252403623673,-0.07905973667593266,-0.9290276619527615,-0.3614652975920615,0.9528256275230552,0.03616633089037333,-0.3013558030720896,0.29304075070206204,-0.36823850944260755,0.8823420643896893
-0.7735322435220588,-0.03165949825623937,-0.043704241390520024,-0.08238792427054903,-0.9248121128875983,-0.3713957266727316,0.9506628188672919,0.03890918330586984,-0.30777634782056373,0.29908599893289006,-0.37842916287047207,0.8759788433127076
-0.7737371424837567,-0.03390968796399907,-0.04462097442489666,-0.08562216987852095,-0.9209132299257529,-0.38024685005008435,0.948435755810635,0.041566003190952806,-0.31423221425983566,0.30518594516327807,-0.3875449526525244,0.8698680638742575
-0.7739461098730194,-0.03611796668187117,-0.045542625280814306,-0.08822910397229748,-0.9179925402051298,-0.38665917982116854,0.9461434193931496,0.044153948268464416,-0.3207227132451712,0.3114935876567669,-0.3941321161489367,0.8646569376745191
-0.774158411481605,-0.038303605867824664,-0.046468307687220586,-0.08973096889841817,-0.9166079604921382,-0.38958721742761787,0.9437861933643796,0.04669640455748245,-0.32724160343113085,0.31814458102460996,-0.39705074305917976,0.8608918242153475
-0.7743726707980306,-0.04048828821248823,-0.04739636833923849,-0.08982300726958735,-0.9170349553516792,-0.38855979980974803,0.9413661270153427,0.049219587030094034,-0.3337772418256235,0.32521015093809913,-0.3957579094796852,0.8588445929334878
-0.7745870234076129,-0.04269293681411429,-0.04832450047617796,-0.08845025580296949,-0.9191722297835556,-0.38379547188980195,0.9388870413899116,0.0517486659630699,-0.3403133836350565,0.33266751533398564,-0.390441400937156,0.8584217126073546
-0.7747993532467955,-0.04493455870748281,-0.049249937648706624,-0.08581404281872984,-0.9225856341044946,-0.37612723618359906,0.9363544476349751,0.05430396104740359,-0.3468305468218776,0.3404060787490523,-0.38195134187297985,0.8592071193793288
-0.7750075818658388,-0.04722355135640505,-0.05016970425818306,-0.08231328061745576,-0.926658302020306,-0.36678183587908986,0.9337752735973552,0.05689774606063153,-0.35330777646607797,0.34826464398812634,-0.371573731297119,0.8606071693622823
-0.7752099730011958,-0.04956186811846386,-0.051080891124025404,-0.07845346467227772,-0.9307602696764525,-0.35711395138349444,0.9311574239009779,0.0595321307106524,-0.3597245853804609,0.35607710653032765,-0.36075094706024946,0.8620138330677315
-0.7754054084851199,-0.05194232917350855,-0.051980920355845645,-0.07476034709714188,-0.9343646207670163,-0.3483872069419665,0.9285092236202325,0.06219834322299145,-0.3660628194073637,0.36370525450434193,-0.3508477184751595,0.8629161988783773
-0.7755935893763434,-0.05434921173058982,-0.05286776482679312,-0.07171933134356911,-0.9370892249570135,-0.34164326713853893,0.9258388120279685,0.0648775470975285,-0.3723082030055852,0.37105098255397634,-0.3430082919581851,0.8629406005013655
-0.7757751206408718,-0.05676007773547476,-0.053740093497288,-0.0697411394736849,-0.9386851079528021,-0.33764839933360913,0.923153559160236,0.06754311447424245,-0.37845136265695745,0.3780524826987659,-0.3380949508566429,0.8618399645703044
-0.7759514508482813,-0.059148622880604296,-0.0545973239522915,-0.06914095373685775,-0.9390059511078447,-0.3368788391995106,0.9204595748745852,0.0701640756152723,-0.38448819684712343,0.384673497316953,-0.3366672337444001,0.8594658074553273
-0.7761246602752168,-0.06148818205377932,-0.05543957642229149,-0.07011440602346689,-0.9379879828679328,-0.3395033343920541,0.9177613695206439,0.07270929666247221,-0.3904195522696584,0.39089389696382876,-0.3389570801358117,0.8557511666029072
-0.7762971185217051,-0.06375542495093661,-0.056267537482200265,-0.07269702867291,-0.9356598467253653,-0.3453343209818504,0.9150617088204458,0.0751518287395877,-0.3962502639591566,0.39670796698923994,-0.34480843067268735,0.8507231835704859
-0.7764710603507796,-0.06593373662095448,-0.057082254615984325,-0.0767030265730474,-0.9321921977752473,-0.3537433421585322,0.9123616836969709,0.07747283579216839,-0.4019877085632696,0.4021353053838508,-0.3535755451403191,0.8445540421089485
-0.7766481488227881,-0.06801580780786431,-0.05788489303688024,-0.08165662708899697,-0.9279799690868863,-0.363573063119299,0.9096609888708231,0.07966455219539563,-0.4076400918090161,0.40724572505921364,-0.36401474708726916,0.8376420377010618
-0.7768291020363752,-0.07000505613497243,-0.05867649204042232,-0.08675524878659759,-0.9237163136338368,-0.37312424034722125,0.9069583733747291,0.08173183995520215,-0.41321473267903064,0.41218932030493094,-0.37425670102785397,0.8306815791639457
-0.7770134515297012,-0.07191564934514,-0.05945775877480389,-0.09092596140025497,-0.9203728607372101,-0.38032389717429443,0.9042521953464834,0.08369209525534715,-0.4187166110901681,0.4172055090174438,-0.38198092938021616,0.8246393956362513
-0.7771994786854044,-0.07377108648284453,-0.060228932393212115,-0.0930241082720777,-0.9189953072129442,-0.38313723468330674,0.9015409887259925,0.08557347253967477,-0.4241474112198039,0.42257586410861747,-0.3848698560787634,0.8205515419245564
-0.7773843459493716,-0.07560148781325149,-0.06098974164836889,-0.09214953410970982,-0.9203259150985955,-0.38014296437169026,0.8988239381379584,0.08741162252554759,-0.42950522287583714,0.42851370059023197,-0.38126030247769577,0.8191560230878371
-0.7775644092908723,-0.07743992350250067,-0.06173946539294339,-0.08795269442751483,-0.9244473938391562,-0.37102741080266854,0.8961011661482667,0.08924534730223832,-0.43478496755593926,0.43504830027326463,-0.3707186048863678,0.8205490189016428
-0.7777356728554599,-0.07931825031361339,-0.062477090043131386,-0.0807650982937187,-0.9307113109510027,-0.3567260217106008,0.8933737658208821,0.09111173172863551,-0.43997950734599545,0.4419958296642874,-0.35422465753992244,0.8241144207876131
-0.7778943290426519,-0.08126300517877771,-0.06320154305474045,-0.07147963356180767,-0.9380221485854735,-0.3391240344607881,0.8906435567996397,0.09304139298422101,-0.44508128911789024,0.4490486796742163,-0.33385288369976357,0.8287928180964137
-0.7780373171572699,-0.08329191220482446,-0.0639119690575413,-0.06126228492995612,-0.9452687369511992,-0.32049016738091274,0.8879125954718128,0.09505448686935686,-0.4500842891376152,0.45591463592175874,-0.3121404483060272,0.83349276258624
-0.778162829687278,-0.0854114923941352,-0.06460800736392625,-0.05126019512273086,-0.9516302638636458,-0.30293932279383506,0.8851825171386035,0.09715802007709323,-0.4549859673515933,0.4624114009711974,-0.291479261755458,0.8373861332852054
-0.7782706960077226,-0.08761613010261471,-0.0652900273651555,-0.04242521963854025,-0.9566524675612099,-0.2881252454188449,0.882453819939188,0.09934485403851637,-0.45978892510672875,0.4684819702116153,-0.27376386957579707,0.8399868971010972
-0.7783625796447207,-0.08988876353876868,-0.06595928231014682,-0.035468480160941625,-0.9601635878947158,-0.27717841076862276,0.8797252107522954,0.10159456982695904,-0.4645019880996255,0.4741577168853234,-0.2603160153790425,0.8410767097329921
-0.7784419396282172,-0.0922031525976153,-0.06661795173287641,-0.03089281435341821,-0.9621438153177143,-0.2707857320229363,0.8769931228187363,0.10387612307853664,-0.4691405051611016,0.4795088075833083,-0.25197029527316317,0.8405844834101978
-0.778513731372275,-0.09452746463802686,-0.06726905716622376,-0.02903925333170768,-0.9626200253543219,-0.2692942787227038,0.8742514888519531,0.10615198341013976,-0.4737257546917167,0.48460401979975376,-0.24918756631288388,0.8384894160268108
-0.7785838579442873,-0.09682873647411672,-0.06791625292275637,-0.030101620714165774,-0.9616114983871126,-0.2727585353386267,0.8714918194863448,0.10838325360507196,-0.4782834712870172,0.48948534298665247,-0.25210393988922664,0.834774042776588
-0.778658424315294,-0.09907764401290892,-0.06856351138376623,-0.0340829585066751,-0.9591342109707985,-0.2808912908668695,0.8687036013656372,0.110535124877794,-0.48284162946314263,0.49415827921204003,-0.26046794719057986,0.8294359791885814
-0.7787428869309595,-0.10125295719158517,-0.06921473800495888,-0.04068532543195455,-0.9552724993000216,-0.2929149302708654,0.8658749950192698,0.1125819641826442,-0.4874277324292877,0.4986032463741843,-0.27345886970780064,0.8225661367229122
-0.7788412185846413,-0.10334508465002401,-0.06987336284324071,-0.04915508558418804,-0.9503217278261071,-0.30736361395391865,0.8629937798753883,0.11451135752129546,-0.49206593551578,0.5028175747302406,-0.2894404301755937,0.8144929244150414
-0.7789552157420279,-0.10535821657535682,-0.07054196099990605,-0.058163354179554115,-0.9449609371390975,-0.32197181788439533,0.8600484614787017,0.11632654899609188,-0.49677437323877505,0.5068862477308906,-0.3058054304289879,0.8059462578742081
-0.7790840588872892,-0.10731074207319741,-0.07122195286172009,-0.06586483118823612,-0.9403200567081818,-0.3338562789058589,0.8570294255440795,0.11804690724265754,-0.501563048321972,0.511040495229224,-0.3191600204329561,0.7981068184103584
-0.7792241994801185,-0.1092338281650031,-0.07191342626705638,-0.0702617530163991,-0.9377497171170187,-0.3401304957071826,0.8539300001782689,0.11970629629655563,-0.5064325793454673,0.5156227699186724,-0.3260304750692983,0.792361841880011
-0.7793695986170901,-0.11116827508937593,-0.07261510766350135,-0.06981872674423656,-0.9382626906619576,-0.3388044697278915,0.8507472800260266,0.12134949557345616,-0.5113739976302912,0.5209168944506705,-0.3239404624863212,0.7897519647585675
-0.7795122936255253,-0.11315997920379556,-0.07332448989700278,-0.06402240974462295,-0.9419802865171897,-0.3295061014055505,0.8474825828234486,0.1230270673498195,-0.5163696471619914,0.52694819751223,-0.31230991100555255,0.7904353968708107
-0.7796432289586448,-0.11525451388704916,-0.0740381031768903,-0.05353256567854871,-0.9480535714802726,-0.31357405826275164,0.8441414538903006,0.12478927451211813,-0.5213950927950018,0.5334411591130193,-0.2926124784937225,0.793611030161451
-0.7797532615348179,-0.11749145797976668,-0.07475189603746199,-0.0398434112269609,-0.955134737411017,-0.29347936208971653,0.8407332033194591,0.12667977769733485,-0.5264218030807185,0.5399816510012172,-0.26771228457682217,0.7979661329083199
-0.7798342373385587,-0.11989914473502672,-0.07546167765924673,-0.024711309205304628,-0.9619902300370686,-0.2719635058433161,0.8372700410796732,0.12872987236405561,-0.5314202652059632,0.5462309305667358,-0.2408389862010748,0.8022645157414333
-0.7798800315095917,-0.12249046511950906,-0.07616356399461531,-0.009687701668459624,-0.9678450921882747,-0.2513603508182082,0.833765948293064,0.13095396045663338,-0.536363126722643,0.552033053270681,-0.21477182722087182,0.805687638187938
-0.7798874440944275,-0.12526024098058147,-0.07685436906357687,0.0040816270227136894,-0.972392585403113,-0.23331523776619717,0.830235470100495,0.13334680003236948,-0.5412279511519497,0.557397887067988,-0.1914974954775577,0.8078590871667938
-0.7798568469967824,-0.128184499866145,-0.07753188970826268,0.01583435407419733,-0.975634180404561,-0.21883148598264737,0.8266926247754968,0.13588286242271605,-0.5459992232976242,0.5624309534270431,-0.17226083050458577,0.8087011987755538
-0.7797924875104764,-0.13122175707494588,-0.07819504607537922,0.025065797122126473,-0.977707864992254,-0.2084683106539709,0.8231500936635963,0.13851787925245043,-0.5506693385590089,0.5672703316023544,-0.15779774351901213,0.8082723817031378
-0.7797023758837667,-0.1343161710719864,-0.07884385927673672,0.03139013884099925,-0.9787675550917274,-0.20255550420392246,0.8196187964725258,0.1411924112146491,-0.555238445610822,0.5720486759467862,-0.14858928667692028,0.8066483349219615
-0.7795977234827555,-0.13740221721739382,-0.07947926956873015,0.034426880657788636,-0.9789107473812698,-0.20136667685994647,0.8161078828245699,0.14383704468471115,-0.5597131659769732,0.5768732213231715,-0.14506775395590793,0.803848638291075
-0.7794919543585076,-0.1404103508103588,-0.08010282018062094,0.03371660953114849,-0.9781301316889494,-0.20524287009268502,0.8126251011935356,0.14637864431812855,-0.5641043674691614,0.5818106523190514,-0.14776582138554664,0.799788488838352
-0.7793993794575924,-0.14327302567332756,-0.0807162507821551,0.028658028293328277,-0.9762648041135763,-0.21467591775376063,0.8091774529627185,0.1487469775422287,-0.5684243012827822,0.5868650330622078,-0.15742099263164475,0.7942342627007233
-0.7793336861692041,-0.14593041041928295,-0.08132105797143921,0.01846042247924063,-0.972930968521741,-0.23035742508813384,0.8057720069841778,0.15088099201969007,-0.572683506841121,0.591938075783758,-0.17504358525379282,0.7867458660195936
-0.7793064405662877,-0.14833520088744134,-0.0819180861282064,0.002118648714986932,-0.9674164473408084,-0.2531816121721937,0.8024167360161104,0.15273407421848553,-0.5768879304803264,0.5967603313633324,-0.2019349399859048,0.7765947378935907
-0.7793258123154894,-0.15045605278557672,-0.0825072094371065,-0.02155498902526724,-0.9585353930350476,-0.2841571444593069,0.7991212346193901,0.15427774206623907,-0.5810366861768064,0.6007833509914388,-0.23960024750006043,0.7626605316714689
-0.7793957067578735,-0.15227933388344977,-0.08308715487681391,-0.0537579029353099,-0.9444833452529603,-0.3241316066226422,0.7958971838277633,0.15550341366026565,-0.5851208089916475,0.6030404303585568,-0.28943030055573227,0.7433520972413982
-0.7795154285801373,-0.15380909613670984,-0.08365549775210818,-0.09523278996348657,-0.9228563909896197,-0.37318466919929166,0.7927584414004266,0.15642212438135292,-0.5891232236063954,0.6020504707282743,-0.35194914492528423,0.7167056788405018
-0.7796799189283354,-0.15506536994065412,-0.08420883830592336,-0.14535640514574977,-0.8912362426264837,-0.42961549705769714,0.7897206629467669,0.1570623069501863,-0.5930199880698832,0.5959973070392378,-0.425475488794023,0.6809976640469949
-0.7798805199070362,-0.15608106237733083,-0.08474314328118333,-0.20091841303280136,-0.8488980722973878,-0.48888020429769874,0.7868004054552784,0.15746597078359348,-0.5967826991632632,0.5835896788667447,-0.5045557758018032,0.6362755345172799
-0.7801061444131463,-0.15689787988597453,-0.0852542134971153,-0.2554969511342274,-0.7994974333704199,-0.5436222603933961,0.784013733754697,0.15768378894148732,-0.600381785190953,0.5657241140742841,-0.5796030337560077,0.5865292405461969
-0.7803446781327066,-0.15756177960879975,-0.08573822075275828,-0.3007820373765263,-0.7525140495597855,-0.5858777783862079,0.7813744369186089,0.15776970135341103,-0.6037902869912553,0.5467944360742465,-0.639399191859036,0.5405409495387545
-0.7805844204032509,-0.15811847532070128,-0.08619224703996455,-0.3296697930715515,-0.7203358570163884,-0.6102737751473726,0.778892050904088,0.15777566181085848,-0.6069876552110177,0.5335213215744843,-0.6754428870279197,0.5090500032303358
-0.7808153806420306,-0.1586094828649714,-0.0866147573566565,-0.338789422631791,-0.7117033334981594,-0.6153861326032831,0.7765699548112817,0.15774709616991978,-0.6099630799764542,0.5311881327714518,-0.6845394208791528,0.49924437790045534
-0.7810302810761677,-0.15906909319915324,-0.08700594435476515,-0.32915285197002736,-0.7266272443502326,-0.603051612888967,0.7744038402287887,0.15771951436428544,-0.6127179179913043,0.5403305398354802,-0.6686833350373561,0.5107891004753504
-0.7812251659606664,-0.1595225222159921,-0.08736789757228659,-0.30582935855013266,-0.7566495155821616,-0.5778839970254362,0.7723808326767745,0.15771655075700727,-0.6152668843118773,0.5566832607168523,-0.6345131993793292,0.5361872313390731
-0.7813995736108176,-0.15998532461202586,-0.0877045702485937,-0.2768636162625284,-0.7899325694777932,-0.5471316785457105,0.770479470023354,0.15774952058008415,-0.6176378186520681,0.5742019890792501,-0.5925551657313985,0.5649517247539543
-0.7815562830524507,-0.1604639963291724,-0.08802154039085774,-0.25089219201913426,-0.8170376860028306,-0.5191363285640621,0.768670627046679,0.15781839817732407,-0.6198700027525198,0.5883864164811243,-0.554565390957535,0.588437466560906
-0.7817006962993412,-0.16095754825373682,-0.08832558727115694,-0.23457784003755275,-0.8331967884381208,-0.500755777500088,0.7669193399779515,0.1579139653522265,-0.6220111779658939,0.5973340463518714,-0.5299493289769667,0.6019516141566222
-0.7818399560333352,-0.1614597309813261,-0.08862412719686534,-0.23151995072844914,-0.8370193667424333,-0.4957792776153441,0.7651873552908269,0.15802076062009437,-0.6241135718089108,0.6007385651993103,-0.5238587776406374,0.6038916768520091
-0.7819819236636124,-0.16196153817179754,-0.0889245705419572,-0.24252689186898085,-0.8284411339268257,-0.5048425441049982,0.763436125307506,0.15812039307945752,-0.626229370013783,0.5986200709096158,-0.5372924984684163,0.5941134418557902
-0.7821341522445919,-0.16245361800134733,-0.08923367322576348,-0.2661572460919788,-0.807804284380144,-0.525939690924556,0.7616299133820501,0.15819477343098265,-0.6284061494772077,0.5908300901226887,-0.5678262514151697,0.5731432218995631
-0.782302981756593,-0.1629282741343942,-0.08955695822748524,-0.29905354273825036,-0.7762391568641729,-0.5549952701838995,0.7597386579188632,0.15822885916906232,-0.6306828044189103,0.577376956796291,-0.6102592887264029,0.5424199943621169
-0.7824928618607729,-0.16338082841484952,-0.0898982754608484,-0.3364006968363157,-0.7366090500055108,-0.5867211250824536,0.7577402737933414,0.15821260447188423,-0.6330864469073831,0.559163883525781,-0.6575529478575867,0.5049355128371987
-0.7827059725599266,-0.1638102315059956,-0.09025955186413814,-0.372940476616623,-0.693891081803324,-0.6159793563868668,0.7556221338870309,0.15814193454824016,-0.6356306469305503,0.5384706042867854,-0.7025000321218162,0.4653419314739126
-0.7829421711316707,-0.16421892744950511,-0.09064075981218168,-0.404331885841094,-0.6541997569752582,-0.6391700900900302,0.7533815632756276,0.15801871050390565,-0.6383152099449413,0.5185864886482834,-0.7396301542691427,0.4289700323883337
-0.7831992501273466,-0.16461208663261978,-0.09104010414084204,-0.4280815675275888,-0.6228676297461864,-0.654814544247064,0.7510252854694075,0.15784979280160955,-0.6411274939495917,0.5026999026543741,-0.7662371426176472,0.4002167527033648
-0.7834734519645168,-0.16499640477552197,-0.09145440018867658,-0.4436005531532645,-0.6028604246356081,-0.663157490834788,0.7485678755903238,0.15764542869086048,-0.6440450717512436,0.4928130323726309,-0.7821171441804925,0.3813503479776084
-0.783760155510729,-0.1653787134691232,-0.09187959136984437,-0.45169859220252634,-0.594321217641644,-0.6653951247666375,0.7460293898651019,0.15741726577775295,-0.6470393758439744,0.48929391091629115,-0.7886710941171927,0.3722759380408983
-0.7840546323227098,-0.16576465604429674,-0.09231133827901326,-0.45404791136538936,-0.5950673995843212,-0.6631253909606248,0.7434324423794532,0.15717632167815598,-0.6500798470353054,0.4910689338600525,-0.788156325772799,0.37102682967930056
-0.784352766378414,-0.16615765235256885,-0.09274560430364984,-0.45284028374041413,-0.6014882352051825,-0.6581394839482403,0.7407990748622887,0.156931218222654,-0.6531380584764074,0.4961374891147398,-0.7833163445613202,0.37451715079287445
-0.78465164105881,-0.16655831393361525,-0.09317916573883742,-0.4505643114597041,-0.6094389463474457,-0.6523618412459131,0.7381478000655265,0.15668692522814187,-0.6561913080199816,0.5021251104030411,-0.7771958428462327,0.37925848094046355
-0.7849499191424153,-0.16696438789255258,-0.09360998652935122,-0.44976557453802124,-0.6149405371464021,-0.6477337907926203,0.7354911849325085,0.15644416605175027,-0.6592252572489521,0.506718506517236,-0.7728993198874397,0.3819201441014535
-0.7852479726756867,-0.16737121713935477,-0.09403741690969039,-0.4527252382427021,-0.614633642949449,-0.6459607910800608,0.7328342745619906,0.15619953029224118,-0.6622353303499325,0.5079308857367208,-0.7731928554320536,0.3797091302872999
-0.7855477556448952,-0.1677726205995621,-0.09446219858965416,-0.46107288572177385,-0.6060508392105973,-0.6481621512741442,0.7301740494463216,0.15594623355372578,-0.6652267506313674,0.5042396767087621,-0.7799892002666047,0.3706200155146854
-0.7858524484752659,-0.16816203217766545,-0.09488628371361428,-0.47539877614782056,-0.587861763328497,-0.6545338424050086,0.7274999722697043,0.15567537389930317,-0.6682132655888328,0.4947118292346917,-0.7938411208658962,0.35366153429181796
-0.7861659343990516,-0.16853370075955282,-0.09531249768082471,-0.49498575352093305,-0.5602230871819276,-0.6641831045725752,0.7247955373767793,0.1553774704083204,-0.6712147724001738,0.47922910263257196,-0.8136387000861389,0.32913755925466454
-0.7864921891676896,-0.16888374972569276,-0.09574409445733259,-0.5178472517513243,-0.5251595970318238,-0.6753085380024253,0.7220406071564078,0.15504403841547906,-0.6742541863192436,0.45879361969278326,-0.836760864164423,0.29889742510099
-0.7868346744215494,-0.16921092243459362,-0.09618426514072567,-0.541218743718374,-0.48660925041933484,-0.6857796357826894,0.7192142227948256,0.15466896162991284,-0.6773539798642653,0.43567553658375174,-0.859819137792744,0.2662665527395478
-0.7871958203762294,-0.16951689424796562,-0.09663566482963744,-0.5623845082876096,-0.4497325025405571,-0.6938763153449693,0.7162975236487741,0.1542494617265825,-0.6805328509129396,0.41308779024892217,-0.8797430191343762,0.23539477018743454
-0.7875766667155333,-0.16980610258174267,-0.09710001873885853,-0.5794116912346898,-0.4195669333513436,-0.6987457910418534,0.7132764042858614,0.15378653456101918,-0.6838029488652011,0.3943588000154028,-0.8946023084174675,0.21016147749896982
-0.7879767049731179,-0.17008512282502997,-0.09757785647007057,-0.5914126139801273,-0.3996870501195236,-0.7003437598722118,0.7101435790647174,0.15328480792176333,-0.6871680033103561,0.38200421089085684,-0.903744449292576,0.19318062334124578
-0.7883939356164872,-0.17036168814519181,-0.09806840499176059,-0.5983612439553407,-0.3915113366230671,-0.6990584346303509,0.7068998041152846,0.15275186494733306,-0.690622570364511,0.3771690452224174,-0.9074060508122763,0.185358491241375
-0.7888251230747978,-0.17064350494143216,-0.09856964877776199,-0.6007754423667137,-0.3943583336193551,-0.695377863146394,0.7035541154289782,0.1521971558218042,-0.6941524561814223,0.37957933888981304,-0.9062657063271891,0.18601611495581116
-0.7892662060397292,-0.17093704549670508,-0.09907854290697769,-0.5995091181507847,-0.40594700947846885,-0.6897795609827508,0.7001230667609701,0.15163067619062484,-0.6977362176547726,0.38783567221605986,-0.9012298061723558,0.19330889225086156
-0.7897128014525405,-0.17124650134363922,-0.09959134503423143,-0.5956890707527853,-0.42301990999925015,-0.6827947617914987,0.6966290777375644,0.15106161642229995,-0.7013475002410662,0.399828036831078,-0.8934397258842414,0.2047022158543916
-0.7901607304767213,-0.17157305524624689,-0.10010401780529062,-0.5907076391311439,-0.44191482950994376,-0.675111671156193,0.6930981156061233,0.15049717948931057,-0.7049578718682439,0.4131337401076698,-0.8843426272802639,0.21739050199971663
-0.7906064942076316,-0.17191458076887833,-0.1006126463246454,-0.5861771531333757,-0.4590139670232644,-0.6676095589654304,0.689557018641265,0.14994173036076608,-0.7085397628496155,0.4253321798159896,-0.8756846781655968,0.228623885976496
-0.7910476357048382,-0.17226581381154282,-0.10111381625986118,-0.583802426747954,-0.47104233768330717,-0.6612819690820588,0.6860308131304499,0.14939638397175917,-0.7120691285905719,0.4342078418900028,-0.8693674922413467,0.23593158642966508
-0.7914829420249727,-0.1726189701515839,-0.10160490640973957,-0.5851743783663694,-0.47522523742006334,-0.6570631024662529,0.6825403719071571,0.14885907178752064,-0.7155275099277438,0.43784653432495374,-0.8671804601497904,0.2372518954908999
-0.7919124631672096,-0.17296471761999926,-0.10208426341481752,-0.5915072985801,-0.4693705704890725,-0.6555992550981391,0.679100710285814,0.14832505870705578,-0.7189032634846301,0.4346738329089704,-0.8704544471242083,0.2310145330188416
-0.7923373511486932,-0.1732933608346358,-0.10255124348721929,-0.6033477449179093,-0.4519936534446079,-0.6570184441461816,0.675720122255635,0.14778782143679914,-0.7221918555437983,0.42352545977934136,-0.8796934108430963,0.21625375797413815
-0.7927595480454563,-0.1735960677625375,-0.10300612412626929,-0.6203104735555364,-0.42260449124356303,-0.6607725481420028,0.672400239806095,0.14724015356322576,-0.7253952403258405,0.4038475379471964,-0.8942738848694214,0.1928247518721101
-0.7931813728748762,-0.17386596458785541,-0.10344990544736814,-0.6409647752405866,-0.3821746498014795,-0.6656625976798612,0.6691369693666412,0.1466753363088339,-0.7285204608969585,0.3760583373994133,-0.9123754067092159,0.1617134629663903
-0.7936050703751397,-0.17409894815431154,-0.10388403402852808,-0.663045544025012,-0.3335695988185793,-0.6701506765590765,0.6659221405459668,0.14608821005505482,-0.7315777044262545,0.34193319417578233,-0.9313375100504233,0.12526824455473365
-0.7940323880872148,-0.17429410948742008,-0.10431009061956652,-0.6840584425357004,-0.28150956307871894,-0.6729163492521641,0.6627456103078871,0.14547600034751101,-0.734578102954694,0.3046839398676238,-0.9484667095992984,0.08705514096607087
-0.794464241445261,-0.17445372036652296,-0.10472948581048341,-0.7020469808155473,-0.23173489172172793,-0.6733713512516653,0.6595975122413903,0.14483879066184668,-0.737531590214672,0.2684420953813756,-0.9619358942665217,0.05116812239005515
-0.794900511366229,-0.17458279857023196,-0.10514320464126006,-0.7160707123090464,-0.18961133844613143,-0.6717814192919312,0.6564703313244135,0.1441795872340813,-0.740445103107465,0.23725395479112624,-0.9712156233080668,0.0212314384414645
-0.7953399979705532,-0.1746883268276322,-0.1055516327023148,-0.7261410108340249,-0.1588899797417417,-0.6689343814774432,0.6533605188671043,0.14350398087278635,-0.7433213570585547,0.21410106204932589,-0.9768114361591659,-0.00039168612282358684
-0.7957805310913986,-0.17477824722536728,-0.10595448377346338,-0.7327964406066819,-0.14116340007839834,-0.6656442526699106,0.650269433859029,0.14281946772213583,-0.7461583364328405,0.20039720562631674,-0.9796302844021677,-0.012863353345526338
-0.7962192166069257,-0.17486038053065445,-0.10635083430157596,-0.7366891053373876,-0.13599013589876138,-0.6624166702427073,0.6472034950585766,0.1421345366530917,-0.7489495373350423,0.19600203585973794,-0.9804613487683477,-0.01669567339734109
-0.7966527802138315,-0.17494142519465833,-0.10673925516324417,-0.7383995070198176,-0.14133680823327646,-0.6593861347278395,0.6441735392491211,0.14145765862849408,-0.7516848955158042,0.19951596268006058,-0.9798028564225432,-0.013406833409653651
-0.7970779590030661,-0.17502617359281358,-0.10711801831318118,-0.7384713830131276,-0.15405933908978536,-0.656449340398707,0.6411934902151767,0.14079631967912837,-0.7543522416421209,0.20864065897221246,-0.9779785868842075,-0.005192207585381497
-0.7974918870902807,-0.17511704646018328,-0.10748534681577526,-0.737543341293391,-0.17033851200501243,-0.6534635498952474,0.6382785356119541,0.14015622451422363,-0.7569390620829247,0.22052285752465506,-0.9753671227070537,0.005352125869591427
-0.7978924246895167,-0.17521399634859564,-0.10783967246935282,-0.7364443589735328,-0.18609141159240078,-0.6503996407345333,0.6354430726531652,0.1395407661063044,-0.7594343131644565,0.232081467491841,-0.9725730621017701,0.015486488330807001
-0.7982783896918741,-0.175314774993015,-0.10817986603832506,-0.7361619336409148,-0.19738585753899252,-0.647382754405511,0.632698709988103,0.13895081391687103,-0.7618300425234157,0.24032883688284315,-0.9704285107906897,0.022595477580793336
-0.7986496655855018,-0.1754155061693896,-0.10850541052105238,-0.7376560112261733,-0.20086298922792514,-0.6446065999199158,0.6300525991392601,0.13838482673166635,-0.764122609303186,0.24268772408128605,-0.9697956997681879,0.024473849132829326
-0.7990071773567984,-0.17551146283949565,-0.10881649681882356,-0.74156442918922,-0.194174287066594,-0.6421670682956625,0.6275063172130624,0.13783925200700317,-0.76631335787904,0.23731417829317453,-0.9712346198773651,0.01962890554018802
-0.7993527453164682,-0.17559792123382229,-0.10911403219592947,-0.7479155221049562,-0.1764422973630194,-0.6399144376365725,0.6250554416482054,0.13730913773975845,-0.7684086774361225,0.22344589201960896,-0.9746867786086073,0.007590582661253287
-0.7996888429333237,-0.1756709584584042,-0.10939956348321649,-0.756013272194508,-0.1486854128510701,-0.6374453547332976,0.6226898601057508,0.13678885920911588,-0.7704194611494112,0.20174555853161713,-0.9793780965498338,-0.01082929412243891
-0.8000182963663593,-0.17572807449337308,-0.10967512761530124,-0.7646366901153814,-0.11398259178138377,-0.6343017427850822,0.6203947588857178,0.13627285388338448,-0.772360053628882,0.1744737094135562,-0.9840923117600686,-0.033485021400587324
-0.8003439688415089,-0.17576855122292256,-0.10994305056943741,-0.7725272175007984,-0.07705156412020298,-0.6302894213669656,0.6181521457489044,0.13575626396097923,-0.7742468349960381,0.14522266671046807,-0.9877415113591144,-0.05724581916186645
-0.800668471775954,-0.1757935049673529,-0.11020572117654379,-0.778889288326866,-0.04313884921075615,-0.6256760473427442,0.6159426993810169,0.1352354061638902,-0.7760966280038293,0.1180934697978469,-0.9898739437971178,-0.07876235003252333
-0.8009939372258701,-0.17580563781327135,-0.11046536807439572,-0.7835707473729218,-0.016622096771094625,-0.6210801798160792,0.6137477053808512,0.13470801935731141,-0.7779251272844773,0.09659522763149553,-0.9907459086061182,-0.09535148965305673
-0.8013218744282757,-0.1758087393056716,-0.11072386618100348,-0.7868620627651348,1.968387592239278e-05,-0.6171289118114156,0.6115508400297024,0.1341732774781117,-0.7797455364859404,0.08278686030984697,-0.9909578856961212,-0.10558789957524119
-0.8016531191359808,-0.17580702689122607,-0.11098259385774642,-0.7891640151027238,0.006516205747716497,-0.6141479433569742,0.6093395957947553,0.13363159220192017,-0.7815675623784958,0.07697671247612763,-0.9910096551639813,-0.10942782602306622
-0.8019878704600212,-0.17580443565835774,-0.11124235422063602,-0.790791579426245,0.004521047237418026,-0.6120688180592294,0.6071062000724965,0.13308426077219124,-0.7833968607087043,0.07791495198021234,-0.9910944151122013,-0.1079866685814725
-0.8023257981131611,-0.17580397253201674,-0.11150336500056773,-0.7919785024397111,-0.0029592393632432382,-0.6105418041180664,0.6048479518228902,0.1325330345333351,-0.7852349647927303,0.08324065622643398,-0.9911741712029107,-0.10317342434568993
-0.8026661948076996,-0.17580723696049844,-0.11176531228156786,-0.7929776663481948,-0.012202566692923161,-0.6091284905823039,0.6025669788441987,0.13197969008725,-0.787079663954703,0.08999698150241768,-0.9911773094510277,-0.09730408290444593
-0.8030081449294257,-0.17581418172053453,-0.1120274556531781,-0.7941210236783943,-0.019378428310596864,-0.6074506368983329,0.6002694909220213,0.13142567734170774,-0.7889257440364656,0.09512275237921008,-0.9911366040316967,-0.09273561413135242
-0.8033506816216026,-0.17582314842030422,-0.11228876683899389,-0.7957671622429356,-0.021082353759911052,-0.6052356217670661,0.5979646617564767,0.13087189925809609,-0.7907659636548863,0.09587954310637993,-0.9911751007488641,-0.09153705735488289
-0.8036929095719912,-0.17583116874195348,-0.11254808132797385,-0.7981536770109954,-0.014776873256801885,-0.6022726557719352,0.5956633086879342,0.1303186509373044,-0.7925921220279848,0.09019939332817331,-0.9913620394359638,-0.09521226921251305
-0.8040340790728455,-0.17583448113693423,-0.11280424305937314,-0.8012373783613799,0.0008612846503817928,-0.5983459882921701,0.5933765502900027,0.12976571585047628,-0.7943960778829092,0.07696059434879013,-0.9915443092361352,-0.1044842080838847
-0.8043736068853352,-0.1758291798168799,-0.11305622543745869,-0.8046273641628829,0.025689278067717102,-0.5932241278240888,0.5911146079568177,0.12921258952948123,-0.7961706016722444,0.05619897775181857,-0.9912841003967761,-0.11915329286345927
-0.8047110494263991,-0.17581189332601466,-0.11330321714510315,-0.8076878362489377,0.05799060869097077,-0.5867516071381143,0.5888858822392184,0.12865878004687223,-0.7979099798950929,0.029219460550214734,-0.9899919230077089,-0.13806598243105786
-0.8050460421579682,-0.17578038648163297,-0.11354466743420213,-0.8098056261346605,0.09461863775631063,-0.579018273692455,0.5866963843149889,0.128104122971426,-0.7996103340436768,-0.00148341240728013,-0.9872368748516548,-0.15925185217374435
-0.8053782244302609,-0.17573399227191416,-0.11378029179642299,-0.8107037533736898,0.1314714695459503,-0.5705038798827227,0.5845495458818697,0.1275490474692505,-0.8012696605381905,-0.03257687331698766,-0.9830801051720635,-0.18025607934206758
-0.8057071705851568,-0.17567380716189485,-0.11401004426545316,-0.8106166475925419,0.16422343812896775,-0.5620776752504316,0.5824463757358391,0.1269947395638174,-0.8028876356722051,-0.060472059978263104,-0.9782141884537452,-0.19859539639620577
-0.8060323457369937,-0.17560261984527165,-0.11423406639657792,-0.8102079418391419,0.1890686741934373,-0.5548117945930111,0.580385886295429,0.12644316657231666,-0.8044652563139286,-0.08194701928594818,-0.9737890747312281,-0.21217804779064028
-0.806353098909059,-0.1755245840789157,-0.11445262482467897,-0.8102738266986876,0.20323119121753694,-0.5496848266810409,0.5783656842821806,0.1258969505003369,-0.8060044001737959,-0.09460159095844761,-0.9710031105877142,-0.21955295082761667
-0.8066686982856438,-0.17544468465678598,-0.11466604914513501,-0.8113934882091932,0.20518105374611187,-0.547303702230629,0.576382609749043,0.12535910395926608,-0.8075073883460214,-0.09707571514338684,-0.970662572801777,-0.2199783518695304
-0.806978404735612,-0.17536807609213673,-0.11487467991895034,-0.8136852783875245,0.19468628859865697,-0.5477348964299219,0.5744333165837117,0.12483266588220049,-0.8089766191475375,-0.08912144822686517,-0.9728895387249384,-0.21340879294331536
-0.8072815719937023,-0.17529939175998227,-0.11507883334454366,-0.8167571702030243,0.17286449439556814,-0.5504776030860045,0.5725147124667304,0.12432029213945797,-0.8104143193277726,-0.07165632512964326,-0.9770682327963205,-0.2005069563112224
-0.8075777562335837,-0.17524212461469196,-0.11527878519751365,-0.819874931685577,0.14227410672554391,-0.5545837853282578,0.5706242117073281,0.1238238651873579,-0.8118224309684066,-0.046830603316208766,-0.9820517954596446,-0.1827051330081569
-0.8078668151012294,-0.17519816890561268,-0.1154747727094001,-0.8223066905064058,0.10690890403108669,-0.5589116146469619,0.568759793784449,0.12334418564486135,-0.8132026247140851,-0.018000103407301835,-0.9865884137301015,-0.16223223530127598
-0.8081489769709508,-0.17516758757587192,-0.1156670097798892,-0.823705125814857,0.07187349830503065,-0.5624447225707851,0.5669198969945876,0.12288079739643427,-0.8145564069006287,0.010568637470190144,-0.9898153918143592,-0.14196405893538852
-0.8084248651093615,-0.17514863615909515,-0.11585570878861726,-0.8243055300755106,0.04263389316213116,-0.5645376375767798,0.5651032044920823,0.12243197831691155,-0.8158852731592764,0.03433309423445199,-0.9915607706233881,-0.1250139064306086
-0.8086954679957841,-0.1751380361844197,-0.11604110156814465,-0.8247742032702403,0.02400232801493735,-0.5649525660352414,0.5633083951523111,0.12199490413576343,-0.8171908561136949,0.04930685115547445,-0.9922404605813901,-0.11413896273561734
-0.8089620552802499,-0.17513145504537825,-0.1162234528433837,-0.8257661421912322,0.019188548662747506,-0.5636861520481296,0.5615339323923778,0.12156596714930018,-0.8184750200238293,0.05281970449142785,-0.9923978613596831,-0.11116008090211879
-0.8092260475216015,-0.17512412028606916,-0.11640306141938306,-0.827473037690418,0.029177540586487194,-0.5607468618019328,0.5597779511185335,0.12114120837485008,-0.8197398691505847,0.04401155912858832,-0.9922063690376136,-0.11657402757160677
-0.8094888555829112,-0.1751114784388098,-0.1165802472014941,-0.8294679718064553,0.05252780335166918,-0.5560788735623158,0.5580382793120235,0.12071680473650392,-0.8209876563485499,0.024003386631092746,-0.9912962639540499,-0.12944324818614963
-0.8097517110994552,-0.17508980427140858,-0.11675532523562542,-0.8309620576124496,0.08562988424557096,-0.5496995376863385,0.5563126009952973,0.12028954442063837,-0.822220600250883,-0.004283547867281787,-0.9890389013720166,-0.14759303096861764
-0.8100155118096972,-0.17505667584910956,-0.11692857080922361,-0.8313081397291351,0.12345244918805272,-0.5419282882536729,0.5545987368165213,0.11985722480833673,-0.8234406395015751,-0.03670174303222826,-0.9850856503120503,-0.16810485896511496
-0.810280704281026,-0.17501125240430898,-0.11710018176328221,-0.8304090524498866,0.1606371777367207,-0.5334946135979846,0.5528949925477717,0.11941891813864125,-0.8246491673470577,-0.06875996527690428,-0.9797626340697924,-0.18798204184373896
-0.8105472218030356,-0.17495432212481143,-0.11727024517533327,-0.828771783281259,0.1925621301200361,-0.5254114171584361,0.5512005088031272,0.11897506866779084,-0.8258467970093897,-0.0965159589496709,-0.9740455631432899,-0.20474352392419315
-0.8108144876879635,-0.1748881209574002,-0.11743871531465813,-0.8272296041618848,0.21598652120197553,-0.5186916277107622,0.5495155400954149,0.11852740880126292,-0.8270332064412546,-0.11714885057829585,-0.9691754619375827,-0.216737331316636
-0.8110814850941859,-0.17481595629464097,-0.11760540828755485,-0.8265596121289519,0.22918088412245768,-0.5140771634201282,0.5478415988673289,0.11807870696599142,-0.8282071006165839,-0.12910766881841254,-0.9661953949973516,-0.2231539122179733
-0.8113468851890812,-0.17474169622431818,-0.117770016326815,-0.827203671295676,0.2317423147055268,-0.511888255159151,0.5461814192144525,0.11763238311748404,-0.8293663121606687,-0.1319846335746782,-0.9656387119502956,-0.2238792855159492
-0.8116092173817768,-0.17466920214806259,-0.11793214163704162,-0.8291669708413835,0.2243615738456239,-0.5120000182101938,0.5445387226808618,0.11719204537403684,-0.8305080396974764,-0.12633176151237302,-0.9674336714641291,-0.21934533811006005
-0.8118670596230783,-0.1746017878263844,-0.1180913465751571,-0.8320738871138077,0.20869049557027294,-0.513907893928428,0.5429178003997507,0.11676101089330371,-0.8316292012335006,-0.11354870493499754,-0.9709866854874003,-0.21045557301667536
-0.8121192241243644,-0.17454178089775485,-0.11824721421736878,-0.8353349811284342,0.18729954656425107,-0.5168504127501347,0.5413229569342194,0.11634187461331139,-0.8327268606856956,-0.09583801750428866,-0.9753888701786004,-0.19857398201315601
-0.812364914554071,-0.17449024508332484,-0.11839941145902765,-0.8383709380477568,0.1636031241921784,-0.5199694106305516,0.5397578865168072,0.11593618116271623,-0.8337986722466733,-0.07612879993691153,-0.9796901651297539,-0.18550360149657802
-0.8126038346312305,-0.17444689562041382,-0.11854774599363208,-0.8408138229983546,0.1415988521640895,-0.5224766790208956,0.5382250679449457,0.11554423969792166,-0.8348432816452965,-0.05784367978051124,-0.983157817310345,-0.17336324573279116
-0.812836234449294,-0.17441021103741777,-0.11869220893083696,-0.8425859112487778,0.1253334029435238,-0.5237752574068989,0.5367252676296422,0.11516510119633457,-0.8358606262734996,-0.04444062615396098,-0.9854078026751333,-0.16430609597336787
-0.8130628889187732,-0.17437771569830207,-0.11883299637282409,-0.8437985603807091,0.1181483217785985,-0.523493040603544,0.5352572305727086,0.11479669586492906,-0.8368520871325644,-0.038777398302057974,-0.986338021511589,-0.1601050302193151
-0.8132850113112319,-0.17434638385557488,-0.1189705057519801,-0.8445330684843624,0.12189924824846753,-0.5214445986994648,0.5338176176608674,0.11443610786274888,-0.8378204630421132,-0.04245759427079682,-0.9859233999118207,-0.1617170436133824
-0.8135041128651144,-0.17431310060380617,-0.1191053058057221,-0.8446792345525493,0.13641233270027625,-0.5175989433943898,0.5324012175915785,0.1140799481354519,-0.8387697591952259,-0.05537087883287304,-0.9840617058501371,-0.1689870552929826
-0.8137218257259162,-0.17427511007834307,-0.11923808232913659,-0.8439891319311564,0.1594252865823124,-0.5121190517645685,0.531001427127253,0.11372477576327246,-0.8397048051347653,-0.07562955487712945,-0.9806376769101527,-0.18063752947088887
-0.8139397103500589,-0.17423038680748143,-0.1193695648948552,-0.8423243712707367,0.18713333903244578,-0.505441160755558,0.529610958847204,0.11336751487127139,-0.8406307386961634,-0.1000094287170161,-0.9757709362316956,-0.19460008780372207
-0.8141590694996231,-0.17417788097944847,-0.11950044219131108,-0.83988580811749,0.21519601163288887,-0.4982795459379486,0.5282227055759247,0.1130058178913256,-0.8415524097979652,-0.12479023454133238,-0.9700104956648717,-0.20858340217550667
-0.8143807891377027,-0.1741176098440957,-0.11963127521292391,-0.8372218951691557,0.2397931902442326,-0.49148624005343283,0.5268306688694357,0.11263833587385987,-0.8424737691050982,-0.14665928060627542,-0.9642675101879461,-0.22063368783571774
-0.8146052223708913,-0.17405059195774064,-0.11976241805741013,-0.835015072386603,0.2583094724097003,-0.48582511807297357,0.5254308477918401,0.11226487085960352,-0.8433973102634513,-0.16331642010509845,-0.9595169697479554,-0.22946662434819626
-0.8148321268647687,-0.17397864462127782,-0.11989395549626963,-0.8338154419799586,0.26950667147309043,-0.4817862210018694,0.5240219847565944,0.11188640169416601,-0.84432363025542,-0.17364552458248514,-0.956476652693325,-0.2345200303706405
-0.8150606598226915,-0.17390408408572833,-0.12002566487076281,-0.8338775861704782,0.27333680185185943,-0.47951555140150987,0.522606077084618,0.11150499055224665,-0.8452511610617104,-0.17756987209749817,-0.9554337391129438,-0.23582898610632527
-0.8152894285817964,-0.1738293801743836,-0.1201570074367059,-0.8351409648782159,0.27063089038776084,-0.4788512190129732,0.5211885845659623,0.11112359051025739,-0.8461761087091962,-0.17578972694788528,-0.9562481209393493,-0.23385359330049127
-0.8155165898717105,-0.17375682038657286,-0.120287151337715,-0.8373102467904281,0.2628145100118177,-0.4794163993304781,0.5197782922077797,0.11074578307989216,-0.8470926150543312,-0.1695348859949373,-0.9584695638658902,-0.2293338561429908
-0.8157399872469278,-0.17368823319877102,-0.12041502527435265,-0.8399737087248496,0.2516912474560402,-0.4807241252579737,0.5183868204522138,0.11037547792862802,-0.8479931357348779,-0.16037229509010018,-0.961492990003593,-0.22318592505237553
-0.8159573142766273,-0.1736248074259905,-0.12053939899512754,-0.8427132061860858,0.23927493905248862,-0.48226751462336265,0.5170278092075149,0.11001660532587995,-0.8488690070079405,-0.15005564509756,-0.964698839065331,-0.2164242437444514
-0.8161662906114975,-0.17356702653888118,-0.12065898424894533,-0.8451788985687582,0.22763923066680625,-0.483583508895336,0.5157158339401363,0.10967282631698119,-0.8497111566827136,-0.14039162381542047,-0.9675496120763369,-0.21009031423033192
-0.8163648387008517,-0.17351471685797343,-0.12077254800281054,-0.8471179689239803,0.21876244034750075,-0.4842872509361738,0.5144651391024019,0.10934727797281074,-0.8505109014282435,-0.13310434769178908,-0.9696319752839957,-0.20517569332745117
-0.8165512502587859,-0.17346718988606197,-0.12087902863687733,-0.8483610669044598,0.2143551111163709,-0.4840820038991481,0.5132882941587412,0.10904236318407412,-0.8512607650484322,-0.12968665020091832,-0.9706501168647336,-0.20253326489775417
-0.8167243331304226,-0.17342344469183452,-0.1209776454820548,-0.8487850325725895,0.21565801800623732,-0.48275831194332597,0.5121948889130997,0.10875958800982227,-0.851955249873625,-0.13122638550248128,-0.970393204472061,-0.20277244502742242
-0.8168835306364783,-0.17338238842700798,-0.12106799239875757,-0.8482849122533356,0.2231950489520817,-0.48020482897054334,0.5111903868867077,0.10849944563123498,-0.8525914957658988,-0.13819224290085239,-0.968716594480033,-0.20613360614184
-0.8170290065860932,-0.17334303281463664,-0.12115010701554625,-0.8467978910398642,0.23647902311246252,-0.4764567171928775,0.5102752479440791,0.1082613448676221,-0.8531697677151145,-0.15017490824384364,-0.9655864295003473,-0.21234487066732724
-0.8171616899518461,-0.17330463156859288,-0.12122450866586498,-0.844411898275325,0.25373170585111404,-0.4717931405785229,0.5094444145958947,0.10804358263714346,-0.8536937229990489,-0.16563494343920404,-0.9612215174957407,-0.22049548706283584
-0.8172832738974847,-0.1732667367444345,-0.12129219992056754,-0.8415322430190281,0.2718101676536662,-0.4668433535131985,0.5086872313384977,0.1078433627758781,-0.854170421975828,-0.1818262484696213,-0.9562892040932368,-0.22902002860489581
-0.8173961647813813,-0.173229168562743,-0.12135462888537196,-0.8389583601698138,0.28666204979588117,-0.46257295544378796,0.5079878344372851,0.10765686700168868,-0.8546100625730416,-0.19518511717058448,-0.9519636905860457,-0.23594046249191938
-0.8175033783244401,-0.17319191032105713,-0.12141361210014716,-0.8376477313116917,0.29454271509227425,-0.4599900729520664,0.5073260126183534,0.10747938615376104,-0.8550254373249797,-0.20240206310494685,-0.9495750473438538,-0.23945904516801841
-0.8176083826710845,-0.17315495461145441,-0.12147122090228936,-0.8381554977993003,0.2936992667644043,-0.4596042887211325,0.5066784995376037,0.1073055199157957,-0.8554311331147139,-0.20192141940648442,-0.9498559185990537,-0.2387498152611193
-0.8177148917615159,-0.17311813664460646,-0.12152963739453924,-0.8401991715596276,0.28550569204776916,-0.46103346073667967,0.5060206193831486,0.10712945014692053,-0.8558425168629523,-0.19495764891280942,-0.9523706110120906,-0.23448184239050776
-0.8178266171997632,-0.17308099339375033,-0.12159098948158863,-0.8428438512162121,0.2740046616637463,-0.4631799735022659,0.5053281705679978,0.10694528633859815,-0.8562745738140048,-0.18508830999667086,-0.9557636481455504,-0.22860045141268878
-0.8179469922867457,-0.1730426830157028,-0.12165717748712802,-0.845119541491392,0.26399851895866455,-0.4648416317166643,0.5045794023615487,0.10674747190523742,-0.8567406865290703,-0.17655760335324475,-0.95859780890083,-0.22342258943241647
-0.8180788874607887,-0.17300198830971442,-0.1217297072144971,-0.8464358470962384,0.2591000419740421,-0.4652026708860591,0.5037569186089239,0.1065312280758459,-0.8572514592570222,-0.17255527724214784,-0.9599574291049067,-0.22069528903486751
-0.8182243412139796,-0.17295741265914827,-0.12180954551192186,-0.8465739078768455,0.2609266602655448,-0.46392876227368735,0.5028493342111306,0.10629299988007448,-0.8578137007881822,-0.17451408420396755,-0.9594889661372681,-0.22119167768089082
-0.8183843336949329,-0.17290735956705305,-0.12189701403911933,-0.8455073308746983,0.26939855209007596,-0.46102253043524255,0.5018525160345912,0.10603085844501257,-0.8584296763318263,-0.18237709721040585,-0.9571739012265141,-0.22484820929667604
-0.8185586307656485,-0.17285037049450164,-0.12199173474938695,-0.8432779844688622,0.28344981852499873,-0.4566600938206431,0.5007702617901971,0.10574480804398834,-0.8590967235872324,-0.1952213764338084,-0.9531391482621441,-0.2311155084225287
-0.8187457235392995,-0.17278538306163915,-0.12209263658541533,-0.8399578641567083,0.30164282709761026,-0.4510902252342232,0.49961430843923677,0.10543694725338663,-0.8598072998972908,-0.21179312841564255,-0.9475730341321706,-0.23926766547418699
-0.818942882019579,-0.17271196501807284,-0.122198027314661,-0.8356503165602975,0.3225391397507148,-0.4445863827891532,0.49840361468369626,0.10511144251214537,-0.8605494881314157,-0.23082977559860005,-0.940701912394083,-0.24859108333810992
-0.8191463315078902,-0.1726304800413312,-0.12230572785859921,-0.8304963504057463,0.3448682690453945,-0.4374262097409908,0.4971629272030336,0.10477428937980608,-0.8613079426661917,-0.2512067590206251,-0.9327851978299131,-0.2584703830843362
-0.8193515476367721,-0.17254214954364228,-0.12241325966170197,-0.8246766367836746,0.36757108896291124,-0.4298836346056764,0.4959207127180264,0.10443286037889543,-0.862065208885225,-0.27197626999503505,-0.9241132356111462,-0.26840945647999465
-0.8195536515095916,-0.17244898923325425,-0.12251806944084094,-0.8184122968549654,0.38977464818665675,-0.422228653678961,0.4947066110018928,0.10409526560847483,-0.8628033059214152,-0.2923468511675838,-0.9150081416626135,-0.2780169406772356
-0.8197478722530259,-0.17235361810232347,-0.12261777082827804,-0.8119705836326131,0.4107296446514311,-0.41473477105232287,0.4935486293707403,0.10376957947776685,-0.8635054283681551,-0.31163042496132676,-0.9058327844472823,-0.28697289917151825
-0.8199300323730543,-0.17225895794468693,-0.12271037955758202,-0.8056804741446804,0.4297247871954678,-0.4076954511051271,0.4924703479575355,0.10346300977938222,-0.8641576025181839,-0.3291685434007728,-0.897012827599027,-0.2949848422516183
-0.8200970036673535,-0.17216786023432773,-0.12279451827281043,-0.7999589997199251,0.4459867654543606,-0.4014491297868933,0.4914884286638394,0.10318110018032606,-0.864750128681764,-0.34424514993917593,-0.8890722499353665,-0.30173798424828707
-0.820247079719322,-0.17208271114597573,-0.1228695688434681,-0.7953370754264064,0.4585879814613532,-0.3964038341279916,0.4906107125449339,0.10292706139335452,-0.86527865382724,-0.3560057094883781,-0.8826681614809329,-0.3068498843401222
-0.8203802160970571,-0.1720050722320111,-0.12293575411384614,-0.7924427603244452,0.4664362340675602,-0.39302889354123344,0.4898351474924429,0.1027013185752494,-0.865744747280607,-0.36345013398048187,-0.878572523307995,-0.30986177789103375
-0.8204981012761126,-0.17193541239772542,-0.12299413703924607,-0.791846922141311,0.46852872348993446,-0.39173879966149017,0.48914971207113805,0.10250134319430691,-0.8661558946425786,-0.3656651625135413,-0.8774818003287906,-0.31034606331592146
-0.8206040389531827,-0.17187297627515008,-0.12304653279414769,-0.793669932775323,0.4647219565706541,-0.39258316429714246,0.488533398941129,0.10232180844849274,-0.8665248788320262,-0.3625233177706529,-0.8795247299519059,-0.30824193983879816
-0.8207026438616831,-0.1718158161969397,-0.12309533818946004,-0.7970977261886132,0.456872907800399,-0.3948447302712178,0.48795820365655596,0.10215507121647958,-0.8668685787990142,-0.35571337673639714,-0.8836466983714498,-0.3043624583749218
-0.8207993758304455,-0.1717609922270415,-0.12314329193952031,-0.8004359846226566,0.44905684605689344,-0.3970518650385535,0.48739194600131164,0.10199194433348001,-0.8672062812642278,-0.3489288258287248,-0.8876629947792755,-0.30050471245102894
-0.8208999577490321,-0.17170492043569413,-0.12319318807195799,-0.8020652006243573,0.44550455910732717,-0.3977651339194972,0.48680164651755775,0.10182268520571186,-0.8675576624785775,-0.3459993799058092,-0.8894705327283667,-0.29854078534215556
-0.8210097395422381,-0.1716438274193373,-0.12324757194889034,-0.8013781775563176,0.44793373194193437,-0.39641946007365286,0.4861571042036467,0.10163809523032198,-0.8679406475273965,-0.3484885745169271,-0.8882708311019355,-0.29921671752199425
-0.8211330799287647,-0.17157425228844347,-0.1233084527409815,-0.7987482475462483,0.455290489412842,-0.3933342183080593,0.48543428281925305,0.10143060381529685,-0.86836938549987,-0.35546419525116046,-0.884546439063478,-0.3020311292475758
-0.8212728191434215,-0.1714935285228839,-0.1233770666838235,-0.7949263802912682,0.4654408572782047,-0.3891745858777932,0.48461811851201075,0.10119520479982137,-0.8688525822804469,-0.36501688882420424,-0.8792748938197041,-0.30600381038713653
-0.821429908399058,-0.1714001786248689,-0.12345372141140812,-0.7905875812971256,0.4765542136973506,-0.3845352489773343,0.4837044111981388,0.10093012396222871,-0.8693924043056915,-0.3755014232812192,-0.8733322343096407,-0.3103054779237865
-0.8216032461437489,-0.171294164461254,-0.12353774317765268,-0.7861849832537819,0.48749882769864,-0.37981319763628874,0.48270055214374646,0.10063712400423222,-0.869984106884878,-0.38589292435385925,-0.8673044807128628,-0.3144353489495388
-0.8217897486192198,-0.1711769543472173,-0.12362753674936613,-0.7819695061736229,0.49771851528374556,-0.37523322208770904,0.48162496221920326,0.10032139523375601,-0.8706164559814519,-0.39567800947478793,-0.8615172065618286,-0.318161933008921
-0.8219846552172687,-0.17105139191952012,-0.1237207538251022,-0.7780506237629461,0.5070167881913574,-0.3709059225116401,0.4805052576139571,0.099991030997763,-0.871272914261283,-0.40466272903176437,-0.8561166802557492,-0.3214223164629989
-0.8221820407120277,-0.1709213784993454,-0.12381455207640546,-0.7744477503809111,0.5153980334005955,-0.3668726606013929,0.47937530790591304,0.0996561398675997,-0.871933465326799,-0.41283168010710775,-0.8511366053422259,-0.3242475642876206
-0.8223754800589638,-0.1707914063562876,-0.12390591538507183,-0.7711220759047797,0.5229788349683964,-0.3631306682551091,0.47827148881309284,0.09932769419225179,-0.8725768689089565,-0.42027030235410573,-0.8465383318796317,-0.32671964375843604
-0.8225587905486182,-0.17066600150253042,-0.12399199818390488,-0.7679914253958476,0.5299494125347793,-0.35964258740101435,0.477228541550235,0.09901625017579817,-0.8731830858021468,-0.42713240294818344,-0.8422288301614747,-0.32895061634923967
-0.8227267636946837,-0.17054914832793205,-0.12407045388664903,-0.7649328002259943,0.5365655652634481,-0.3563358041397687,0.47627551655463507,0.0987306932292574,-0.8737355907510498,-0.43363515017700555,-0.8380630312738935,-0.331075387401388
-0.8228757974204584,-0.17044377244068926,-0.12413970930096785,-0.7617787532454101,0.543153114582567,-0.35309747269433306,0.47543228932874576,0.0984771616656259,-0.8742233049363932,-0.44006507401462347,-0.8338386790917888,-0.33325033815881566
-0.8230043486711444,-0.1703513517049572,-0.1241991530907539,-0.7583224653435244,0.5500935870940052,-0.34977719192847523,0.4747070846402985,0.09825828218643846,-0.8746419231743231,-0.44676640691487457,-0.8293023305283909,-0.33564478579675905
-0.8231131467602437,-0.17027170934068758,-0.12424921584752202,-0.75437239847696,0.5577172189673506,-0.34622794237820076,0.4740953351797062,0.09807281469045623,-0.8749944777994507,-0.45404393793658365,-0.8242167352620401,-0.3383945563052457
-0.8232051362519973,-0.17020301918320652,-0.1242913310861335,-0.7499347073358213,0.5659786503005353,-0.34244138496554466,0.47358004394299036,0.0979157560544404,-0.875291063986856,-0.46186564790216933,-0.8185845540445237,-0.34146661794037436
-0.823285151412838,-0.1701420250610265,-0.12432777945887717,-0.7455336882833699,0.5739406325461973,-0.3387796775886447,0.47313363587253643,0.09777889810558953,-0.8755477426681488,-0.46938692167616797,-0.8130383984768049,-0.3444480807925097
-0.8233593578907784,-0.17008444768082043,-0.1243614316433357,-0.7422763241062852,0.5797594863131241,-0.3360130900741867,0.4727210982809813,0.09765178003704404,-0.8757847298826462,-0.4749322287561492,-0.8089147469823624,-0.34654914543709026
-0.8234345268402243,-0.17002552740629756,-0.12439541754502557,-0.7410820668703191,0.5820084348336643,-0.3347589460278609,0.47230404667926074,0.097522926250032,-0.87602406721849,-0.4772067242334405,-0.8073137312334648,-0.34715743072601785
-0.8235172282856666,-0.16996063331910677,-0.12443275930770245,-0.7418251504397377,0.5809926403364136,-0.33487758666411693,0.47184523470531975,0.09738122308146904,-0.8762870373781861,-0.4765055305670036,-0.8080621568085465,-0.346378449204015
-0.8236130413025572,-0.1698858603263559,-0.124476011659271,-0.7436685743002908,0.5781386996969341,-0.33572711464954835,0.4713129689357893,0.09721726732737739,-0.8765916314033171,-0.47415307329079376,-0.8101261919269958,-0.34478169360155975
-0.8237258772425654,-0.16979853783730137,-0.12452695400500158,-0.7458722021635734,0.5746960312134503,-0.336747872669109,0.47068489786452755,0.09702451950038907,-0.8769503803169127,-0.47130710260075703,-0.8125950494085155,-0.34286863477846996
-0.8238574989734708,-0.16969758524409562,-0.12458637363363027,-0.7480627932727942,0.5713049976244882,-0.3376576032169101,0.46995071698321284,0.09680011647056888,-0.877368828405847,-0.46855990110963236,-0.8150094092343769,-0.34089775876582656
-0.8240072956302402,-0.1695836693911394,-0.1246539685855641,-0.7501227140865521,0.5681726547700958,-0.33837220362040143,0.46911345905204366,0.0965452395490859,-0.8778448491941137,-0.4660992129875903,-0.8172263157118176,-0.338958216540679
-0.8241723415529462,-0.16945914469338436,-0.12472838342410474,-0.7520486683728619,0.5653028328672763,-0.33890338970101413,0.46818920518560536,0.09626499005770192,-0.87836889735285,-0.4639198945359824,-0.8192470682531752,-0.33706464159312277
-0.8243477336025603,-0.1693277842439888,-0.12480737360872156,-0.7538752174894314,0.5626248079388285,-0.33930146175202197,0.46720523959683546,0.09596778735884204,-0.8789251662586023,-0.4619430923268867,-0.8211233216035484,-0.33520899476331045
-0.8245271669965473,-0.16919433661774097,-0.1248880771816472,-0.7556462243540735,0.5600439891309222,-0.33963143826471187,0.4661968580060232,0.09566436532458573,-0.8794935012792057,-0.46006442288525834,-0.8229210529846516,-0.3333791645407473
-0.8247036802974647,-0.16906396482188768,-0.12496735873201091,-0.7574103190890613,0.5574521675073448,-0.33996571809341236,0.46520320545692234,0.09536649373752124,-0.880051822056415,-0.45816545719860935,-0.8247134731611789,-0.331560101665467
-0.8248704789029078,-0.16894163825217207,-0.1250421820794027,-0.7592285168389126,0.5547161518473338,-0.34038514964415034,0.4642626432388762,0.09508558438456582,-0.8805787470380473,-0.4561055330857506,-0.8265886053666185,-0.3297256741089963
-0.8250217361475476,-0.1688315537748264,-0.12510996573024272,-0.7611910412478718,0.5516485508951721,-0.34098691326682545,0.46340820971974783,0.09483135370993968,-0.88105609669185,-0.45369706841494883,-0.8286681426534974,-0.3278232442382391
-0.8251532734861884,-0.16873665752712091,-0.12516887870082385,-0.7634453830972758,0.5479549582789002,-0.34190131723206685,0.4626637351060927,0.09461070413134719,-0.8814709767663652,-0.4506588679313141,-0.8311402880148089,-0.32574899292787857
-0.8252630361430578,-0.1686583253395929,-0.1252180427174231,-0.7662375940800075,0.5431495872420284,-0.34331978576437483,0.4620410930713903,0.09442695671878812,-0.8818172022353743,-0.44654000686598755,-0.8343093405468036,-0.3233109131230824
-0.8253513063468318,-0.16859623869620094,-0.1252576186164348,-0.7699497230052088,0.5364618291042746,-0.34552298036208534,0.4615389306918146,0.09427952331102062,-0.8820959057495408,-0.44063504116225005,-0.8386418051816537,-0.32018851182014546
-0.8254206295327262,-0.16854846773168858,-0.1252887684546567,-0.7750285207236515,0.5269205518714423,-0.34883452248939356,0.4611430300899332,0.09416405205526136,-0.8823152708074414,-0.4320623772840947,-0.8446821078465134,-0.31596556587639085
-0.8254754652720977,-0.1685117463837812,-0.12531349904265326,-0.7815038667712213,0.5142447303550511,-0.3532761858994887,0.4608282461734243,0.0940730231395324,-0.8824894298778398,-0.4205817800979442,-0.8524685469971605,-0.31049692853584687
-0.8255216093068977,-0.168481901015119,-0.12533440612819333,-0.7880199502588319,0.5009748180100378,-0.35783905560164586,0.46056176398166543,0.09399671753675416,-0.8826366628746012,-0.4085430449195836,-0.8603422858444917,-0.30480113457090324
-0.8255654613198776,-0.16845437568064614,-0.1253543501029103,-0.7921300224724646,0.49240312136685727,-0.36065106899321514,0.4603072541254627,0.09392443694411287,-0.8827771134007768,-0.4008082575212865,-0.8652845579420145,-0.3010570950664388
-0.8256132313341575,-0.1684247869199182,-0.12537610263431195,-0.7929851478353434,0.4907664488085115,-0.3610025595981854,0.4600293973320509,0.09384582305850912,-0.8829303002416333,-0.3994339856632991,-0.8662224045926968,-0.30018533754795174
-0.8256701837590545,-0.16838943950334767,-0.12540200778772692,-0.7919353823507911,0.4932879285975115,-0.35986854500064686,0.45969821172857805,0.09375211281246257,-0.8831127308994853,-0.4018904133149413,-0.8647991447978979,-0.3010091939499026
-0.8257400116432783,-0.16834574172411465,-0.1254337000154279,-0.790441130520251,0.49679228899634853,-0.35832979331285864,0.4592926514156975,0.0936371751165819,-0.8833359156016046,-0.40528148185848184,-0.8628032806091751,-0.3021877221738801
-0.825824415872669,-0.16829247327157149,-0.1254719145066175,-0.7891711568338402,0.49984683181122874,-0.3568781724199672,0.45880304474241523,0.09349820332284049,-0.8836050317367427,-0.40829970775966523,-0.8610523971882769,-0.3031173336180133
-0.8259229374288531,-0.16822987829199987,-0.12551641340686231,-0.7882759200015369,0.5021460868734405,-0.35562674447153364,0.4582320907069517,0.0933359825180549,-0.883918404273678,-0.4106633962164955,-0.8597311799656219,-0.30367395871699837
-0.8260330589136025,-0.16815957830415462,-0.1255660359356079,-0.7877115232153671,0.5037864550949723,-0.3545557274344437,0.4575943125140868,0.09315470585154509,-0.8842678587014641,-0.41245363539249624,-0.8587906662514175,-0.3039088518140928
-0.826150558316346,-0.16808432142826535,-0.12561886383302895,-0.7873869259496656,0.5049494226018268,-0.3536211383071119,0.45691405668799173,0.0929613717455481,-0.8846398861480916,-0.4138252936257734,-0.8581283493611359,-0.30391505783405104
-0.8262700674591126,-0.16800760333716752,-0.1256724784989427,-0.7872121214016182,0.505804563045002,-0.35278721621002435,0.45622230224972055,0.09276484603350801,-0.8850174542179066,-0.41491961492357543,-0.857645863595945,-0.30378493347833707
-0.8263857633134986,-0.16793320933103628,-0.12572427496028507,-0.7871096370437973,0.5064907112592811,-0.3520306502008726,0.4555526868973557,0.09257471283544713,-0.8853822180301762,-0.41584873299480235,-0.857261384847995,-0.3035996530220608
-0.8264921053166099,-0.16786473451589612,-0.12577179190337226,-0.7870149749702802,0.5071194849302978,-0.35133638749289636,0.45493724885000514,0.09240006045834268,-0.8857168443899456,-0.4167007664755587,-0.8569084296652263,-0.30342777458129633
-0.8265845277032058,-0.1678051395696622,-0.1258130168522878,-0.7868746360974322,0.5077828736969161,-0.35069197345624464,0.4544024123882498,0.09224835171241098,-0.8860071609316046,-0.41754850578378505,-0.856531841081489,-0.30332565096160796
-0.8266600031635144,-0.16775639320425717,-0.12584663059822077,-0.7866448960407175,0.5085582928181137,-0.350083233444583,0.45396570782134227,0.09212451248528973,-0.8862438774522593,-0.41845542612727055,-0.8560850057122094,-0.30333730291438105
-0.8267174118097972,-0.16771924020275653,-0.12587216394941714,-0.7862952866270491,0.5095029805240326,-0.3494945422538301,0.45363361699464033,0.09203034130636306,-0.8864236897846278,-0.4194714099440473,-0.8555332425547015,-0.3034907035205386
-0.8267576750797143,-0.16769311754747257,-0.12589005126997266,-0.7858319878341539,0.5106070125662177,-0.3489248710178518,0.4534007866931531,0.09196430067821268,-0.8865496568307931,-0.42058984001358457,-0.8548818901573303,-0.30377811040030156
-0.8267836443261654,-0.1676762228454683,-0.12590157765221055,-0.7854010584488358,0.5115846783182685,-0.3484627588386485,0.45325067488069354,0.09192170368596625,-0.8866308285366944,-0.4215554567404441,-0.8543017718004939,-0.30407150407575584
-0.8267997643662526,-0.1676657213496977,-0.12590872866857528,-0.7855479541295869,0.5113507305454764,-0.3484750236866742,0.45315751336956633,0.09189526247915857,-0.8866811878068677,-0.4213818693768546,-0.854444668252131,-0.30391056094840363
-0.8268115591503302,-0.16765806254318316,-0.12591396241260588,-0.7865775288915534,0.5093039012855094,-0.34914943387927394,0.45308931017332577,0.0918759239176,-0.8867180451591966,-0.4195305329168741,-0.8556683649286373,-0.3030276905017693
-0.8268250065803853,-0.16764936620900245,-0.12591993201054974,-0.7868035995816792,0.5088964119793041,-0.34923421590660764,0.4530114964735133,0.09185388645087172,-0.8867600845813361,-0.41919050531726143,-0.855913141281556,-0.30280689363585883
-0.8268458801032822,-0.1676358321842356,-0.12592919208293496,-0.7858584425702323,0.5109037808014004,-0.3484305311018586,0.4528907606880853,0.09181967448034543,-0.886825296358697,-0.42108961887519425,-0.8547201145060048,-0.30354086830999505
-0.826879135173111,-0.16761412786851493,-0.125943924029995,-0.7844787857596206,0.5138230767396221,-0.3472446983078932,0.4526986105615296,0.09176514386310229,-0.8869290424647536,-0.42385964975304324,-0.8529742107365337,-0.30459480154726054
-0.8269284095716851,-0.1675817125911373,-0.12596571212291222,-0.7829319364232312,0.5171117164207311,-0.3458512045215037,0.45241425969348525,0.09168430490779102,-0.8870824797388182,-0.42701161641642227,-0.850993220286731,-0.3057312847443873
-0.8269956896511004,-0.16753706712809802,-0.12599539538203178,-0.7812541848665131,0.5206935126989545,-0.3442675768378193,0.45202653640938617,0.09157387531977375,-0.8872915167748717,-0.43048102049950415,-0.8488182910329762,-0.3069097583941627
-0.827081172413392,-0.16747980862506673,-0.12603300997279634,-0.779431566706835,0.524585308604227,-0.3424860388651436,0.45153464445556024,0.09143351144161574,-0.8875564082591296,-0.43428435117710507,-0.8464337936200705,-0.3081346058796659
-0.8271833289907048,-0.16741068438983575,-0.12607782483043675,-0.7774438204671453,0.5288078184407586,-0.3405046213686015,0.45094774861751136,0.09126570685633661,-0.8878720058481465,-0.43843726351012424,-0.8438203967124397,-0.30941865499322274
-0.8272991515789493,-0.16733145096729707,-0.12612846128117305,-0.7752741056230088,0.533367882923908,-0.33833232570316457,0.4502834961760779,0.0910753874435478,-0.888228600571641,-0.44293886059126936,-0.8409660963839601,-0.3107751446155758
-0.8274245459316311,-0.1672446562855034,-0.12618307738931106,-0.7729123095028541,0.5382546924095052,-0.3359887615949579,0.4495657013818805,0.09086926605580264,-0.8886132210514862,-0.4477691837989555,-0.837869120200541,-0.3122148226051873
-0.8275548172710865,-0.1671533514362783,-0.12623959104863441,-0.77035782235006,0.5434378261678566,-0.3335028555110555,0.44882150255454867,0.09065504397164686,-0.8890112045678479,-0.4528886004181944,-0.8345399883123955,-0.31374340394468186
-0.8276851902666778,-0.1670607641535543,-0.12629591319433292,-0.7676228562348727,0.548864771479463,-0.33091179068539234,0.4480783421838764,0.09044055774609006,-0.8894078393967108,-0.45823678360817427,-0.8310041926147985,-0.3153586561441785
-0.8278113040002462,-0.16696996798064817,-0.12635016391271986,-0.7647361336283608,0.5544580535257433,-0.32826043441692765,0.4473611168799423,0.09023296855246668,-0.889789886709295,-0.46373125517596564,-0.8273054322719353,-0.3170473855849782
-0.8279296300864769,-0.16688357955012229,-0.12640084898350928,-0.761745824348926,0.5601137509563636,-0.3256008063205127,0.4466897990114016,0.09003807799433557,-0.8901468238275299,-0.46926700560142626,-0.8235081848413401,-0.3187832287828084
-0.8280377749788718,-0.16680351175150826,-0.12644698139432983,-0.7587187510605021,0.5657061344350147,-0.3229898237588684,0.44607775339028705,0.08985983251986512,-0.8904716999600695,-0.4747214917395945,-0.819696150998707,-0.3205272614278531
-0.8281346439490339,-0.16673080352453368,-0.126488140367444,-0.755729302860423,0.5711086333532058,-0.3204811222327028,0.44553087256774093,0.08970005170170987,-0.8907615518834083,-0.47997443930601863,-0.8159588406495416,-0.32223548528790097
-0.8282204618962918,-0.16666553846968196,-0.12652446827596375,-0.7528272114301922,0.5762474219789306,-0.3181039113133901,0.44504754776627403,0.0895583876583414,-0.8910173822250967,-0.4849575960405882,-0.8123534968612338,-0.32387949329937366
-0.8282966626440499,-0.1666068553787488,-0.12655661258314188,-0.7499769775690532,0.5811966438089222,-0.3158243092949504,0.44461939393701516,0.08943249732262208,-0.8912437505855064,-0.48974291996053293,-0.8088339073307227,-0.3254836135670229
-0.8283656716798846,-0.16655304509277058,-0.12658562499090453,-0.7469945365890464,0.5862703879913053,-0.313506290958635,0.44423256951839796,0.08931838886156387,-0.8914480633162294,-0.49462772514811354,-0.8051765381428466,-0.3271607493864498
-0.828430616004656,-0.16650172060086227,-0.1266128329984867,-0.7435695108135694,0.591968530988709,-0.3109302830338965,0.4438694827920504,0.08921089006043774,-0.8916396690034278,-0.5000842577350201,-0.801008536417493,-0.3290912635606109
-0.8284949982728793,-0.16645004160251625,-0.12663969997258817,-0.7394468273644605,0.5986702102603936,-0.3079161717861049,0.44351066075612194,0.08910418057792593,-0.8918288730463958,-0.5064747607692828,-0.7960241355325306,-0.3314044241608509
-0.8285623709436091,-0.16639497122173907,-0.12666768876910325,-0.7346425462729009,0.6063013365406734,-0.30446513513810025,0.4431365713651481,0.08899233132640272,-0.8920259772472059,-0.5137414800504335,-0.7902398713517844,-0.334051848373131
-0.8286360406203845,-0.16633354128614308,-0.12669814127837087,-0.7294571417985204,0.6143557106869719,-0.3007645907108065,0.44272922953196336,0.08886980166081683,-0.8922404315378234,-0.5214241148980038,-0.7840084305025508,-0.3368199419627057
-0.8287188245152464,-0.1662631034458592,-0.1267321825147931,-0.7242960805097575,0.6222105411708415,-0.2970677199126346,0.44227347216068014,0.08873185678655739,-0.8924801585548814,-0.5289511920594742,-0.7778050527266448,-0.33945535254546055
-0.8288128716041984,-0.16618154610814445,-0.12677065367097812,-0.7195073075765903,0.6293769264241386,-0.29358800865973783,0.4417578472193727,0.08857488170306634,-0.8927510821899872,-0.5358724090340826,-0.7720357341575533,-0.3417624707597613
-0.828919552063628,-0.1660874612870471,-0.1268140745611611,-0.7153296165683636,0.6355562604919903,-0.29046820722687583,0.4411751166583985,0.08839658194380086,-0.8930568631067685,-0.5419114836406457,-0.7669773686687831,-0.3436243004333423
-0.8290394112120985,-0.16598025053321608,-0.12686263265950276,-0.7119072214455502,0.640596519138475,-0.28779195214832876,0.4405224151860839,0.08819607349086199,-0.8933988215457943,-0.5469260551228988,-0.762795878520895,-0.34498454739196655
-0.8291721792059599,-0.16586016462102166,-0.12691619388394088,-0.7093155527167166,0.644440189097201,-0.2856016270096209,0.4398011320371695,0.08797387320695219,-0.8937760132671895,-0.5508597016782063,-0.7595771457260487,-0.3458267611936162
-0.829316825410998,-0.16572827715600408,-0.1269743295253319,-0.7075775584041581,0.6470930797207607,-0.28390939579434743,0.4390165899654384,0.0877318063115619,-0.8941854191924787,-0.5537133126247982,-0.7573464704735952,-0.3461616545535634
-0.8294716464567231,-0.16558639730594987,-0.12703635415200212,-0.7066699489283195,0.648611958772206,-0.28270145068486735,0.4381775871586398,0.08747284894879097,-0.8946222123380431,-0.555533964212341,-0.7560760726504074,-0.3460216567963011
-0.8296343788308678,-0.1654369311109961,-0.12710137058861465,-0.7065237680237755,0.6491031165510251,-0.2819384849594543,0.4372958486247383,0.08720092251481157,-0.8950800745677092,-0.5564139699837314,-0.7556858760068975,-0.345459622547457
-0.8298023295923893,-0.16528270404304646,-0.12716831969841771,-0.7070229398275035,0.6487260419800638,-0.2815547637930404,0.4363854103668499,0.0869206533389683,-0.8955515471719555,-0.556494686566395,-0.7560418787871525,-0.34454947590057705
-0.8299725214086858,-0.16512675951776346,-0.12723603418804103,-0.7080027821251774,0.6476990043453391,-0.2814570309533322,0.4354619391055484,0.0866371079078338,-0.8960284097749367,-0.5559720857142417,-0.7569544314576822,-0.34338757782297996
-0.8301418498164803,-0.1649721488755742,-0.12730329658550282,-0.709249178702927,0.6463049052301503,-0.281523661500539,0.4345419781179275,0.08635551131725891,-0.8965020886303018,-0.5551025776940529,-0.7581772188219463,-0.3420941874642664
-0.8303072508105285,-0.16482172800369926,-0.12736890166217568,-0.7104983928789125,0.6448962586217778,-0.28160406483592454,0.43364210951003596,0.08608095588090237,-0.8969640962125053,-0.5542080426844849,-0.7594069295511223,-0.34081455481473905
-0.8304658754170731,-0.164677974415663,-0.12743172283443294,-0.7114375536793828,0.6438974854641327,-0.28151844598118636,0.43277803568214174,0.08581810812145918,-0.8974064988340347,-0.5536784076030076,-0.7602836842464926,-0.3397189138431615
-0.8306152650736508,-0.1645428364448987,-0.12749078065417915,-0.7117071521777061,0.6438002860354631,-0.2810589284113834,0.431963605667679,0.08557092544070025,-0.897822398973093,-0.5539678446603895,-0.7603938508561717,-0.3389997325403734
-0.8307535180584772,-0.1644176234837743,-0.12754530970900946,-0.7109105006183484,0.6451425259432132,-0.279995323764844,0.43120984060706263,0.08534239780425394,-0.8982064064014753,-0.5555756775401539,-0.7592811049648418,-0.33886261252780314
-0.8308794337965357,-0.16430294315097466,-0.1275948185277747,-0.7086426686584368,0.6484517325740444,-0.278093363240421,0.43052404031350566,0.08513433362713477,-0.8985550600547519,-0.5589942923400765,-0.7564803340203787,-0.339503881232061
-0.8309926196068197,-0.16419868811876054,-0.12763913586610642,-0.7045638070097131,0.6541228550562954,-0.2751601939688596,0.42990907266171846,0.08494721141423309,-0.8988671539866651,-0.56459545791223,-0.7516031278314017,-0.3410640806929587
-0.8310935442228413,-0.16410407225713425,-0.12767843640621446,-0.6985529276280897,0.6621996800514351,-0.27113721810552244,0.4293629532313043,0.08478011842517078,-0.8991439183536232,-0.5724257695935054,-0.7445158932216229,-0.3435474101862682
-0.8311835247909428,-0.16401771288431277,-0.12771323969704615,-0.6909597951204953,0.6720767027037615,-0.26624700413316,0.4288788102811931,0.08463079388460973,-0.8993890119510295,-0.5819257062708536,-0.7356293458048697,-0.3467159326766912
-0.8312646391597645,-0.16393775333257066,-0.12774437816549486,-0.6828659150622163,0.6822767104096279,-0.2611371909147731,0.428445298832044,0.08449578678990102,-0.8996082969401049,-0.5917167970870543,-0.7261948446852072,-0.3500175418427847
-0.8313395627443918,-0.16386201778566134,-0.12777293313295368,-0.6760645645562805,0.6906250663757489,-0.2568535034700115,0.4280474799896265,0.08437072758527261,-0.899809388260237,-0.599760001522157,-0.7182747371446555,-0.35266037848604176
-0.8314113382267238,-0.16378818843582377,-0.12780014166117654,-0.6724382222488233,0.6950336825285865,-0.2544700717365288,0.4276681234913164,0.08425069995772527,-0.900000997613919,-0.6040917259889087,-0.7140238089219332,-0.35389714167305175
-0.8314830956249142,-0.16371399346074017,-0.1278272812336866,-0.6729455385714473,0.6945264171144038,-0.2545139643457976,0.42728933102290295,0.08413068541381742,-0.9001921213639905,-0.603794774497747,-0.7145313734903671,-0.3533790975527336
-0.8315577484393298,-0.16363739317100778,-0.12785554312797118,-0.6770864907262326,0.6896903529782665,-0.25667314055964147,0.426894324439061,0.08400604112199189,-0.9003911487885295,-0.5994289948257038,-0.719214990155047,-0.3513042528898877
-0.8316376973159199,-0.1635567510036789,-0.12788590817442008,-0.683343031644577,0.6822129004532883,-0.26005357055404993,0.4264692055023943,0.08387296280605526,-0.9006049871438037,-0.5925928769914092,-0.7263269818513187,-0.3482567983167006
-0.8317245748769725,-0.16347097596245586,-0.12791903982101674,-0.6900570657457864,0.6740134454467712,-0.2636799601245568,0.4260044791368282,0.08372888101710205,-0.9008383085987095,-0.5850995041611947,-0.7339586840147041,-0.34491045271161025
-0.8318190634091785,-0.16337962379737014,-0.12795520861475704,-0.6960021813128502,0.6666220735007918,-0.2668257385059756,0.4254961444642538,0.0835727420394597,-0.9010930184137822,-0.5783891377384345,-0.7406960293598925,-0.3418119328471134
-0.8319208108753888,-0.16328294586138387,-0.12799425926834948,-0.700486599388562,0.6609957107406561,-0.2690784169336201,0.42494619737022854,0.08340513427737348,-0.9013680230165457,-0.57335787551723,-0.7457400713107939,-0.3393117926387771
-0.8320284607229733,-0.16318187733996892,-0.12803562667359972,-0.7032139121633487,0.657607449472883,-0.27026401191739846,0.4243624514970132,0.08322823650491809,-0.9016593427718289,-0.5704443035909492,-0.7487492925178969,-0.3375911631760908
-0.8321397982402149,-0.16307796050548817,-0.12807840117634126,-0.7041125017648613,0.65661007075743,-0.2703494032513315,0.42375766437091555,0.08304558416785193,-0.9019605716643753,-0.5697850706585205,-0.7496443462937228,-0.33671698401554073
-0.8322520022444728,-0.16297320374720065,-0.1281214370201454,-0.7032163344099523,0.6579709907420976,-0.2693714208317069,0.4231480421036101,0.08286167157903984,-0.9022636409869395,-0.5713427355650127,-0.7484705196098173,-0.33668881744438495
-0.8323619774236258,-0.16286988312819012,-0.1281634920615081,-0.7006048634457412,0.6615517281334948,-0.2673988338040406,0.4225512784680488,0.0826814285207705,-0.9025598032500575,-0.5749810800201963,-0.7453275067923841,-0.33746653943384847
-0.832466731500291,-0.1627702996655348,-0.12820338252178876,-0.6963912716860763,0.6671336342364357,-0.26452204216271885,0.42198435070048557,0.08250962665366185,-0.9028407219844279,-0.5804897970536087,-0.7403545607207124,-0.3389789373054045
-0.832563754159602,-0.16267651175689252,-0.1282401342810194,-0.6907550644211077,0.6743924002704993,-0.26086841785464576,0.4214613351199258,0.08235028187951643,-0.9030995371902778,-0.5875608768251349,-0.7337665306701846,-0.3411141956775178
-0.8326513525535809,-0.1625900673710562,-0.12827311230903496,-0.6840276153508739,0.6828163096740969,-0.25664783007156844,0.42099151358214215,0.08220612186126149,-0.9033317768241901,-0.5957116474681468,-0.7259504396111207,-0.34369112921227285
-0.8327289017088886,-0.1625117639162872,-0.12830211220615714,-0.6768405149435377,0.6915673517632321,-0.25223305752053315,0.42057801416927465,0.08207818271564202,-0.9035360014518109,-0.6041531687646735,-0.7176334509324991,-0.34641186292376935
-0.8327969771016336,-0.16244146431542816,-0.12832740214936803,-0.6702935562272376,0.6993415056766439,-0.24824988805267892,0.4202171686468029,0.08196558594993605,-0.9037140996434371,-0.6116568316096102,-0.7100726027370782,-0.34881631152726333
-0.8328573500392662,-0.16237799519774032,-0.12834970928308265,-0.6659170443936081,0.7044564692811789,-0.24555156866527386,0.41989868236219235,0.08186552742187103,-0.9038711921343846,-0.6166357000179084,-0.7050100129131744,-0.3503159932911855
-0.8329128426742484,-0.16231914707251544,-0.128370151117103,-0.6649866487707493,0.7055837809069426,-0.24483522025581167,0.41960661075762634,0.08177348658172265,-0.904015148711993,-0.6178373970270382,-0.7038924811456169,-0.35044589571219337
-0.8329670564164726,-0.16226178713691786,-0.12839011909545467,-0.6672217157520384,0.7030925280042185,-0.24591884656028942,0.41932103428689654,0.08168363908677008,-0.9041557682778503,-0.6156176185210047,-0.7063913081077509,-0.3493225838624627
-0.8330240030379097,-0.16220208372216371,-0.12841112744222985,-0.6703641395987746,0.6995372165304646,-0.2475067737028716,0.41902023431457636,0.08158943185275727,-0.9043037143819004,-0.6124001662107487,-0.7099231277390208,-0.34781487766668834
-0.8330876798876367,-0.16213582845551866,-0.1284346449423518,-0.6717557440972655,0.6979990512334184,-0.24807568351125603,0.4186831086818801,0.08148425949069914,-0.9044693305799426,-0.6111044712459613,-0.7114475665377598,-0.3469779319937998
-0.8331616378279781,-0.16205882947787748,-0.12846192982096105,-0.6700481823568555,0.7000716129848022,-0.24685050134267783,0.4182915354700238,0.08136216736466255,-0.9046614776124019,-0.613243528033035,-0.7094222539606309,-0.3473506022896956
-0.8332485918746504,-0.16196733811820258,-0.12849388787699506,-0.6652824366543738,0.7056427948015114,-0.2438596432867304,0.4178324006499193,0.08121850114447812,-0.9048865343450359,-0.6187207483561096,-0.7038975786409247,-0.34887366529604835
-0.8333501199160301,-0.16185846384490055,-0.1285309713495254,-0.6581207983412868,0.7138058985061512,-0.239495624278302,0.41729904821128555,0.08105042681727084,-0.905147685560038,-0.626688534403321,-0.6956378134996434,-0.3512114936571027
-0.8334664848590625,-0.16173052939365995,-0.12857313090032416,-0.6492898837883889,0.7235864689576192,-0.23419066751581905,0.4166919838231805,0.08085725864455383,-0.9054445838050996,-0.6362314338568659,-0.6854813824356808,-0.35401248128633067
-0.833596601296881,-0.1615833205724574,-0.12861982625382143,-0.6393913742035212,0.7342041354354856,-0.22830452931022574,0.4160187553566159,0.08064055420375053,-0.9057734243226858,-0.6466119901344737,-0.6741226806206294,-0.3570035653704206
-0.8337381510022752,-0.16141819363044674,-0.12867009344566974,-0.6288981902172135,0.7450836232647411,-0.22212037431131545,0.41529303384053884,0.08040396288602192,-0.906127418631477,-0.6572813418811116,-0.6621069378090737,-0.35999394511582666
-0.8338878342151003,-0.16123801680823885,-0.1287226594390843,-0.6182048802451364,0.7557923097611976,-0.2158719772155028,0.414533014143483,0.08015284353554362,-0.9064976016836921,-0.6678211633560411,-0.6498873026756259,-0.3628517432709721
-0.8340417278907034,-0.1610469405845501,-0.1287760891370275,-0.6076833703374888,0.7659738659294465,-0.20977358777588984,0.4137593342215084,0.07989369438768264,-0.9068738671621658,-0.6778820950282167,-0.6378879480835064,-0.36547890627226304
-0.8341957097337912,-0.16085001133637172,-0.12882894632186795,-0.5977337547882063,0.7752930799721033,-0.2040465597214572,0.41299276562580384,0.0796334604189562,-0.9072461008582249,-0.6871326901898519,-0.6265613713987419,-0.3677900405712272
-0.8343458994754568,-0.16065266324973332,-0.1288799491484429,-0.5888304694946578,0.783390238181344,-0.19894324044027714,0.41225194983385904,0.0793787968663132,-0.9076052756932597,-0.6952172380291523,-0.6164403793800609,-0.36969480739778265
-0.8344890673555057,-0.16046014070822906,-0.12892810242029545,-0.581561500306705,0.7898429493024216,-0.1947673915168213,0.41155144260683046,0.07913537153774826,-0.9079443832415172,-0.7017204795709265,-0.6081822986644998,-0.37108309061706674
-0.8346229642783786,-0.16027691548794037,-0.12897279255222835,-0.5766448635790704,0.7941419363252099,-0.1918835226837407,0.41090028414719365,0.07890728261134172,-0.9082591024804813,-0.7061456349759809,-0.6025879402382196,-0.37181462650604363
-0.8347465379578551,-0.1601061678207864,-0.12901383620413828,-0.5748786062956809,0.7957076878876116,-0.19069311330010533,0.41030124271802687,0.07869665417768659,-0.9085481422826645,-0.7079318316388789,-0.6005465111527909,-0.37172087605437654
-0.8348600132032278,-0.15994939651756718,-0.1290514793238226,-0.5769409648301246,0.7940110340203245,-0.19153485571785683,0.40975079336613085,0.07850345097981465,-0.9088132346748071,-0.7065715890387269,-0.6028131435513289,-0.3706385078820785
-0.834964830506412,-0.15980621074274615,-0.12908634905843847,-0.5829525132475225,0.7888923125734836,-0.19446152951383014,0.4092398032292485,0.07832552923158244,-0.9090587961861862,-0.7019181937742339,-0.6095195080004032,-0.3685061988836326
-0.8350634532574082,-0.1596743358021388,-0.1291193660826872,-0.591875464648737,0.7810964169528923,-0.198926674355641,0.4087548125831653,0.07815891469151222,-0.9092913104414593,-0.6946962915813951,-0.61949945236263,-0.36553726347044124
-0.8351590683410242,-0.15954983968111952,-0.12915162886671405,-0.6012391999016347,0.7726876122435057,-0.20363024919464182,0.4082797366637649,0.0779982748186517,-0.9095185131458737,-0.6868908800758745,-0.6299762876575147,-0.36236831519580576
-0.8352552159901752,-0.1594275591722939,-0.12918428391895037,-0.6078732751522323,0.7666069959177595,-0.2068907807652306,0.40779777461405836,0.07783753108987161,-0.9097484783024673,-0.681315680412186,-0.6373813870547065,-0.35993598189219483
-0.8353553915253731,-0.15930167784871824,-0.12921839688306508,-0.6094578002527139,0.7651911056130777,-0.2074699052917283,0.4072933018201327,0.07767054239994027,-0.9099887104441206,-0.6802009673644827,-0.6391008204766558,-0.3589941298440511
-0.8354626634868605,-0.15916638645281478,-0.12925483850554764,-0.6055435376674436,0.7689194825394893,-0.20513374505527215,0.4067535393291729,0.07749178253126902,-0.9102453415883639,-0.6840091974764576,-0.6346320611278088,-0.35968536911623433
-0.8355793496987417,-0.15901654256767778,-0.12929419707445836,-0.5972329476827528,0.7766063490506735,-0.20048786700534696,0.4061698342081775,0.0772969350599166,-0.9105225146088616,-0.6916204681626131,-0.6252261690336758,-0.3615983484116065
-0.8357067855118436,-0.15884824288224297,-0.12933672530916798,-0.5861768089805163,0.7865074333015397,-0.1944294370069595,0.40553844024601776,0.07708333804521109,-0.9108220092194933,-0.7013810106470276,-0.6127513495352187,-0.3641434628639136
-0.835845207776625,-0.15865922889118012,-0.12938232536574432,-0.5738016725131406,0.7971890883687527,-0.18772639134367736,0.4048607507954977,0.07685022768795241,-0.9111431363784813,-0.7119265503452085,-0.5988185032963719,-0.3668473620233144
-0.8359937652296388,-0.15844906502732697,-0.1294305712098374,-0.561017755606019,0.8078039491639378,-0.1808641965949351,0.40414299650327756,0.07659875300110094,-0.9114828958439254,-0.7224455109363871,-0.5844530868716687,-0.3694415690931926
-0.8361506523578522,-0.15821905515766221,-0.12948076367927583,-0.5482222251153176,0.8180203812348853,-0.17405472637634067,0.40339547328402825,0.07633175966304345,-0.9118363639385623,-0.7326148265108787,-0.5701018491033653,-0.3718324859736692
-0.8363133508992874,-0.15797189600466882,-0.12953201057245897,-0.5353910500976095,0.827870739086071,-0.16729155041561905,0.40263140541538056,0.07605336736056789,-0.9121972575525285,-0.7424583320622207,-0.5557390796751664,-0.3740450513951283
-0.8364789522859057,-0.15771110040348563,-0.12958332231919303,-0.5221616962779121,0.8376272713516707,-0.16039861978249104,0.40186557277485374,0.07576838786367614,-0.9125586078816408,-0.7522308318319,-0.5409618338556744,-0.37617691310471696
-0.8366445265808151,-0.15744025495452907,-0.129633713253883,-0.5078947915189919,0.8477107474470272,-0.1530665522270696,0.401112840075131,0.07548164817984346,-0.9129134736188949,-0.7623328474326301,-0.5250609578428557,-0.37836440143650074
-0.8368074994285034,-0.15716220128581987,-0.12968229904905118,-0.49175294730416486,0.8585942539739841,-0.1448963279746065,0.40038672146091436,0.07519729275058479,-0.9132556271059943,-0.7732202222494231,-0.5071107119809642,-0.3807482287532174
-0.8369659983684495,-0.1568782442170007,-0.12972838217365495,-0.47286632751261026,0.8706557369897288,-0.13548440482804344,0.3996980992571496,0.07491814022381647,-0.9135801561525001,-0.7852635645150987,-0.4861541524169849,-0.3834257090138382
-0.8371191332675701,-0.15658749129032884,-0.12977151895866532,-0.450654688583862,0.8839626998465715,-0.12458048377391381,0.3990541947729383,0.07464516430829518,-0.9138839363286287,-0.7985399810225564,-0.4615604453647945,-0.3863882166722322
-0.8372671819987695,-0.15628641573293756,-0.12981156366041863,-0.4252859754207166,0.8980645881070454,-0.11230242516781601,0.3984578654286334,0.07437715576021527,-0.914165941270554,-0.8126273245396727,-0.43352973864447175,-0.38947246003067976
-0.8374116610662488,-0.15596871011299618,-0.12984868658943524,-0.39803585226736676,0.9119807366029585,-0.09929046467267787,0.397907278836745,0.07411060522577373,-0.9144273703481356,-0.8265816703499586,-0.40348327630546843,-0.3923824511663047
-0.8375552708683113,-0.15562546368641428,-0.12988336483039306,-0.37114688588973793,0.92452561048877,-0.0866163070369362,0.39739599237599355,0.07383982613651487,-0.9146715833126273,-0.8392415709066424,-0.3738984830492047,-0.3948081939824133
-0.837701715964945,-0.15524565704528942,-0.12991634535773827,-0.3470452993187407,0.9348124148806641,-0.07540098942153595,0.3969134464817956,0.07355731475158585,-0.9149038405474529,-0.8497171742542976,-0.34744074377009543,-0.3965673377193015
-0.8378554114072092,-0.1548169283436724,-0.1299485815837948,-0.3273899904063769,0.9425547822702223,-0.0663797906086338,0.39644586042509855,0.07325432232095329,-0.9151308562239071,-0.8576983583600447,-0.32592067544240216,-0.3976546735367923
-0.8380210962259048,-0.15432653135499147,-0.12998114572970115,-0.3126236133533817,0.9479980905247488,-0.05971680446327669,0.3959774991663925,0.07292159375961586,-0.9153601811950787,-0.8634050593596293,-0.3098097182545885,-0.39818292523312404
-0.8382033838718264,-0.15376238151056582,-0.1300151210180124,-0.3021732084629729,0.9516583324904537,-0.05511597126679192,0.3954922573097132,0.07255020979756711,-0.9155994437888201,-0.8673391646266531,-0.298467561486702,-0.3982962317734398
-0.8384062860244508,-0.15311407515184722,-0.13005147958599436,-0.2949377039796037,0.954097678864535,-0.05205160858749975,0.3949754802616622,0.0721324569913307,-0.9158554900422136,-0.8700609868068498,-0.29067942451040507,-0.39811977017348743
-0.838632750060877,-0.15237377097245547,-0.13009095410429303,-0.2896982891321005,0.9558134724557397,-0.04995505125645433,0.39441591374444185,0.07166264387412025,-0.9161334796076979,-0.8720728113288886,-0.285105368846453,-0.3977485894328941
-0.8388842510933491,-0.15153684049818295,-0.13013391309507158,-0.2853325150607382,0.9572103088773614,-0.04830921680197287,0.39380764285918096,0.07113778317466311,-0.9164360077117718,-0.8737853834179244,-0.28051352976978,-0.3972546580485743
-0.8391604766286931,-0.15060222400661233,-0.13018025148878948,-0.28087547783578265,0.9586086197095026,-0.04667419168194492,0.3931518547877564,0.07055807006215768,-0.9167623344280952,-0.8755230351209885,-0.2758461037748147,-0.3966967884982011
-0.8394591357298571,-0.14957246551358377,-0.13022930859797674,-0.2755047524191164,0.9602608397157557,-0.044679425946099534,0.3924582402764907,0.06992710438279934,-0.9171078070280057,-0.8775384100046915,-0.2702023682002595,-0.3961275289416396
-0.8397759155695901,-0.14845344034039126,-0.13027982503019364,-0.26850350092791875,0.962362349839166,-0.042006875645417684,0.39174584432305565,0.06925182926848157,-0.9174635565506595,-0.8800233311935927,-0.2627981958747194,-0.39559580988671383
-0.8401045972066358,-0.14725382599023734,-0.13032994788869476,-0.25922997576899065,0.9650528511538843,-0.03837726074861861,0.3910431917077734,0.06854218664897979,-0.9178165344274278,-0.8831110020160581,-0.2529327245121424,-0.39514553646607037
-0.8404373301400736,-0.14598439665803298,-0.13037728995424852,-0.24710575096867138,0.9684077249535212,-0.03354438982235212,0.3903875522656996,0.06781051868652364,-0.9181499292552717,-0.8868688216834576,-0.23997544000545093,-0.3948106904834086
-0.8407650525519315,-0.14465723976268885,-0.1304190437327404,-0.23162758230344432,0.9724214198220951,-0.027299182907953513,0.38982327528069155,0.06707076944527714,-0.9184439699488763,-0.8912836120818642,-0.22337881313410066,-0.3946079429979908
-0.8410780319183003,-0.14328499706838826,-0.13045214586391368,-0.21240403660518217,0.9769876769954958,-0.019483434829854315,0.38939920938443007,0.06633756019976554,-0.9186770835486882,-0.8962437062343062,-0.2027175550012559,-0.39452859456534645
-0.8413664896122093,-0.14188022277722245,-0.13047348211425994,-0.18921414104294582,0.9818848055737526,-0.010011863601462358,0.38916532676751964,0.06562522270692736,-0.9188273388328168,-0.9015255721671515,-0.17775139585404212,-0.39453274135441524
-0.8416212640335994,-0.1404549279391326,-0.13048011867877604,-0.1620790979423114,0.9867771547391606,0.001101315165294677,0.38916877715683196,0.06494687680507574,-0.9188740752026484,-0.9067954724724109,-0.14850168375527883,-0.39454938984287413
-0.8418344605626451,-0.13902034797305185,-0.13046954225851018,-0.13132960702970248,0.9912438383670533,0.013718134595309963,0.38944969370450344,0.0643136322794533,-0.9187995933697902,-0.9116366986858815,-0.11532306621996435,-0.3944858932924386
-0.8420000341674068,-0.13758693277941458,-0.13043988956179867,-0.09764374681662591,0.9948396366325863,0.02756439900223555,0.39003714443353743,0.06373398122924914,-0.9185907715619623,-0.9156072982833539,-0.0789435052516267,-0.3942476357682364
-0.842114252633614,-0.1361645223840926,-0.13039014645947541,-0.06202994477757117,0.99718013381455,0.042238213462309826,0.3909456553516658,0.06321342771793105,-0.9182404680244747,-0.918321175032215,-0.04044555948118301,-0.39376436634833534
-0.8421759956339339,-0.13476264081084938,-0.13032029786721946,-0.025742075429336726,0.9980283095271766,0.0572436803054825,0.3921727149201635,0.06275437793357974,-0.9177485765297146,-0.9195313519531232,-0.0011753435647713572,-0.39301489964474146
-0.8421868571805768,-0.13339082160297827,-0.1302314114599459,0.009861990147705965,0.997352644801733,0.07204472955959126,0.39369760057200553,0.0623562882223428,-0.9171226159151117,-0.9191871085117395,0.03740849136386328,-0.39204038608248987
-0.8421510356685306,-0.13205887316471393,-0.13012564166185575,0.04348242204204289,0.9953349810847152,0.08612522512276714,0.3954817502738262,0.06201604235623905,-0.9163777581820828,-0.9174439842157714,0.07390727920549371,-0.39094021270103774
-0.8420750152528964,-0.1307770017937651,-0.13000614529569643,0.0740144121636149,0.992327173963836,0.09903861168767156,0.39747074723585846,0.06172850599138293,-0.9155362344767355,-0.9146249897547316,0.10712782720198592,-0.38985222425316324
-0.8419670626632829,-0.1295557335322503,-0.12987690710742453,0.10062617144602186,0.9887762152538266,0.11043536466383472,0.39959781173265807,0.06148718864743761,-0.9146261063903138,-0.911150899949392,0.13616505344820562,-0.3889255915221579
-0.8418365823834737,-0.12840560926603767,-0.12974248210388395,0.12276885923974364,0.9851456730118109,0.12006585754109413,0.40178852247935853,0.061284934754190765,-0.9136794514358022,-0.9074655863473975,0.16041246746522153,-0.3882963428579947
-0.8416933881040558,-0.12733666579726766,-0.12960767166760534,0.14013214311303418,0.981855013654161,0.12776429324633454,0.40396634360011446,0.06111456738922757,-0.9127300821662349,-0.9039768667974322,0.17951529688306486,-0.3880722645076335
-0.841546957577244,-0.12635775311471498,-0.1294771604539434,0.1525701617993515,0.9792449617619843,0.13342282635399993,0.406058431503346,0.06096942134490258,-0.9118109891122779,-0.9010210296844144,0.19329261373533546,-0.38832855875122074
-0.8414057402361184,-0.1254757691743698,-0.12935514927365713,0.16002277253953448,0.9775650370267533,0.1369646328496626,0.4080011525990827,0.06084372378067447,-0.9109517554482899,-0.8988480248332199,0.2016547536245639,-0.38911128047646726
-0.8412765817945889,-0.12469491355383505,-0.12924502350714434,0.16245348524432207,0.976972607961352,0.13832349194973095,0.40974476364280527,0.060732806531457774,-0.9101762218812981,-0.8976180110711207,0.2045386259463163,-0.3904431542449148
-0.8411643179958783,-0.12401606734526954,-0.12914909549996537,0.15982720085777266,0.9775304659066583,0.13743891039396722,0.4112567892593823,0.06063315880362838,-0.9095006725349672,-0.8973979714452407,0.20188563167745646,-0.3923252127612517
-0.8410715719815498,-0.12343639754790775,-0.12906845224605382,0.15216573948179102,0.9791902734261417,0.1342832683382328,0.41252376628597703,0.060542347773409916,-0.9089327622961535,-0.8981479443706322,0.19370346551809947,-0.39472678838544295
-0.8409987682861484,-0.12294926099128906,-0.12900292716218825,0.1397514251151514,0.9817538748595439,0.1289529696306185,0.41355119680005725,0.0604588448235757,-0.9084713180435798,-0.8996915842684784,0.18028881629449395,-0.39755628018634753
-0.8409443535292862,-0.12254444831410755,-0.12895119882268544,0.12358006250740072,0.984822496585387,0.12187131889822263,0.41436174229479367,0.06038179684408602,-0.9081070339625734,-0.9016830455726057,0.16272273605493706,-0.4006107793079282
-0.8409051920021343,-0.12220876710794554,-0.128911002898609,0.10608886721520631,0.9877863891585056,0.11411924310209708,0.41499187987191316,0.06031077757791642,-0.9078239640747112,-0.9036187757530109,0.14366857520400342,-0.4035250284746681
-0.8408770860389774,-0.12192692038481273,-0.12887942911841516,0.09174177427149223,0.9899404889553084,0.10770921585659993,0.41548740681990637,0.06024554695723502,-0.9076016135099658,-0.9049605856762981,0.12801680514193767,-0.405780773292258
-0.8408553585503981,-0.12168259778639118,-0.12885326517861706,0.08619946262535273,0.9907062188509158,0.10521806201038689,0.4158983033155838,0.06018583986862884,-0.9074173604127963,-0.9053166594856847,0.12197890231277286,-0.406845048449962
-0.8408354300078835,-0.12145966780234252,-0.12882934548643016,0.09302448962594796,0.9897582488361211,0.10828228475003156,0.4162735285022543,0.06013120128194322,-0.9072489118762687,-0.9044682381367048,0.129471415738168,-0.4064164842973764
-0.8408133252718392,-0.12124334396036363,-0.12880486451735781,0.11026511243222722,0.987106096749395,0.11603085253708323,0.41665632291425286,0.06008088163448384,-0.9070765106856185,-0.9023519898331704,0.14836388179808907,-0.40465917142938995
-0.840786056641085,-0.1210211989353498,-0.12877762151203037,0.13149655106348945,0.983331458557618,0.1255702977194626,0.41708051816033387,0.06003380284633696,-0.9068846585354251,-0.899306676517813,0.17162512964817958,-0.40223415623704944
-0.840751846971191,-0.12078391795347299,-0.12874617370269179,0.15045954890395272,0.9794788270466339,0.13410127333835847,0.4175682203229333,0.059988599305676356,-0.9066631950893789,-0.8961019504051742,0.19241256539190202,-0.3999733730629451
-0.8407101783341837,-0.12052571446774762,-0.1287098875680873,0.16392394032461202,0.9764600569476227,0.14019521737312796,0.4181290533029273,0.05994372875193801,-0.9064076589301923,-0.8934746983392707,0.20720160851006825,-0.39846010698486456
-0.8406616745615486,-0.12024437243292224,-0.12866889023080022,0.17134710009733772,0.9746866522141804,0.1436179002901318,0.4187609463206876,0.05989763624707933,-0.9061189452873252,-0.8917844140400948,0.21540242145232716,-0.39789741857373095
-0.8406078470717793,-0.11994092471292439,-0.12862393475981898,0.17350514600044167,0.9741432183171708,0.1447098977887495,0.41945225380888645,0.05984894308328153,-0.905802357463514,-0.8910419580951343,0.21786026305519582,-0.39822246884814255
-0.840550749883265,-0.11961901980038986,-0.12857620276796758,0.17155365260795913,0.9745980528283834,0.1439721490427613,0.42018483327062495,0.05979662488886412,-0.905466216675828,-0.8910746602648989,0.2158309502249943,-0.39925299092025746
-0.8404925995794056,-0.1192840632371508,-0.12852707437760455,0.16664507604400328,0.9757525887109753,0.14190244625840168,0.4209375996292609,0.05974014200505544,-0.9051202420958068,-0.8916506916100299,0.2105659066825542,-0.40077555201672344
-0.840435418074666,-0.1189422414871038,-0.12847789857706998,0.15984562746615308,0.9773118490986911,0.1389637542355887,0.42169003702019936,0.05967949129376844,-0.9047739336413376,-0.8925395722643644,0.20322378780599046,-0.40258316409399336
-0.8403807502072546,-0.11859954222588553,-0.12842979566992951,0.1521502575891035,0.9790120241991713,0.13559408390121908,0.4224251843701561,0.059615160721650316,-0.9044351807741512,-0.8935363801913211,0.1948884016189093,-0.40448887276291967
-0.8403294953465368,-0.11826087612759029,-0.12838351786650792,0.14448454816564635,0.9806350778658562,0.13220839383486668,0.4231317124806941,0.05954798363313443,-0.9041092807500559,-0.8944740181998158,0.18657138500920847,-0.4063340363066097
-0.8402818741256048,-0.1179293835069305,-0.1283393846792094,0.13762783313774715,0.9820262404727221,0.1291628528982675,0.42380486165014264,0.05947890535381278,-0.9037984836564043,-0.8952362921528103,0.1791276719017005,-0.4080015421191014
-0.8402375305388278,-0.11760597860796107,-0.12829729795393,0.13202302620317644,0.9831204230280922,0.12666552165929051,0.42444618766276104,0.05940868796289717,-0.9035020982671127,-0.8957763975070473,0.1730457789707447,-0.4094384008000528
-0.8401957488189709,-0.11728914995064832,-0.1282568289190082,0.12750269560954822,0.9839746936587502,0.12464696085933033,0.4250622445582599,0.05933758818755432,-0.9032171050634384,-0.8961390242944413,0.16814533257647346,-0.4106847894302321
-0.840155746621047,-0.11697500223686624,-0.1282173585571866,0.12307760586537775,0.984787711167086,0.12265833387397149,0.42566248945473545,0.05926504800612555,-0.90293914476892,-0.8964727257455433,0.16334263992945522,-0.41189298849972233
-0.8401169936636793,-0.11665749862552632,-0.12817824466536298,0.11702690276206874,0.9858635177937883,0.11990758238399367,0.426256805773206,0.05918943802905197,-0.9026636948264998,-0.8970004679831225,0.15674735949629917,-0.4133042774143491
-0.8400794999975321,-0.11632884523915044,-0.12813898534460524,0.10742668817405869,0.987481574560612,0.11549738772477999,0.42685309080038614,0.05910789055049764,-0.9023872207366568,-0.8979175605489129,0.14624088750402517,-0.4151597972828344
-0.8400440213669533,-0.11597995435867964,-0.1280993497902741,0.09292053040683491,0.9897137709926755,0.10877695774551721,0.4274553345610845,0.059016252638875444,-0.9021080971146063,-0.8992484150579215,0.13032165373383675,-0.4175746096015586
-0.8400121404007436,-0.1156009287095619,-0.12805945281961853,0.07328479067830233,0.9923245242019006,0.09960611488613035,0.428062532294297,0.05890917987849572,-0.9018271325325253,-0.9007728947415278,0.10872785840581337,-0.420459801771173
-0.8399862001141751,-0.11518152440693358,-0.12801975867251966,0.04948890461167372,0.994855350911709,0.08839501729552975,0.42866863510684977,0.05878037859471494,-0.9015475962853502,-0.9021053428485872,0.08250877440977052,-0.4235543088547563
-0.839969087937914,-0.11471157079760175,-0.12798101092686404,0.023325219073067283,0.9968388936359384,0.07594836594602941,0.4292635734641885,0.05862298923303878,-0.9012747248370712,-0.9028780198077416,0.05362429736660157,-0.4265392315836722
-0.8399638911054186,-0.11418134696326343,-0.12794409731346099,-0.0031088168843178597,0.997993758332819,0.0632360149465055,0.42983521200313163,0.05843008729121414,-0.9010147698131058,-0.9029020023124341,0.02437997596134964,-0.42915450713271247
-0.839973464490795,-0.11358193228029256,-0.12790986912023944,-0.027844013233280552,0.9983005627452217,0.051192747041339554,0.4303719386690641,0.05819526265973447,-0.9007737261988694,-0.9022220931307857,-0.0030492337624964533,-0.4312609382266906
-0.8399999670104322,-0.11290555818289943,-0.12787894310866793,-0.04929927608705402,0.9979589292015749,0.04059010968374395,0.4308654801089661,0.05791322552854528,-0.9005559373849855,-0.9010685431351839,-0.02690787869241621,-0.4328411332538899
-0.8400444303549888,-0.11214598769259132,-0.12785151804048936,-0.06638026186975772,0.9972817915467402,0.03197951036877503,0.4313134854412134,0.05758037918244154,-0.9003628031020374,-0.8997568216527478,-0.04597312456784258,-0.43396328612777263
-0.8401064229757442,-0.11129893793337198,-0.12782723714726538,-0.07846745902106382,0.9965856690503717,0.025687781496282786,0.43172143960468423,0.057195298591896405,-0.9001918108962348,-0.8985874784685332,-0.05954579802477177,-0.4347353694802811
-0.84018386286965,-0.11036254051687605,-0.12780512204140507,-0.08534500517363743,0.9961119738122675,0.021844123231208656,0.4321035530697659,0.056759059523315,-0.9000360707141203,-0.8977765587919947,-0.06737465984965782,-0.43526762536828645
-0.84027301578659,-0.10933780910032104,-0.1277835934324438,-0.08710826326624747,0.9959895166454047,0.020421390824114833,0.43248241502351636,0.056275375794165146,-0.8998844607918577,-0.8974247105836596,-0.06955548009811002,-0.43565000174699453
-0.8403686929248371,-0.10822905775652819,-0.12776058117277556,-0.084073196192647,0.9962323283329774,0.0212801707278763,0.4328873729040332,0.05575052102552784,-0.89972240262518,-0.897518924626215,-0.06643062087348682,-0.4359435199061524
-0.8404646366271145,-0.10704419379889135,-0.12773371274163126,-0.07669882274565018,0.9967603636773743,0.02420884117796257,0.4333517880085409,0.05519303342118392,-0.8995331883213473,-0.8979551873112778,-0.05850219195480371,-0.43618112650279983
-0.8405540572056056,-0.10579479971514477,-0.12770055748836937,-0.06552671253109299,0.9974305953307424,0.028956129627906398,0.4339094884546412,0.05461322449405676,-0.8992997006223193,-0.8985704233803264,-0.04636381356750557,-0.4363732244507889
-0.8406302622172226,-0.10449592479414288,-0.1276588956006364,-0.05113799297512728,0.9980691449571003,0.03525461046556474,0.43459087191147505,0.05402253179382506,-0.8990063070467355,-0.8991749994999305,-0.03065204631322188,-0.43651434378621784
-0.8406873045398844,-0.10316552948587043,-0.1276069769140691,-0.03412745731117902,0.9984991348569795,0.04283449949908767,0.4354191807804918,0.053432768748790146,-0.8986406824934445,-0.8995807099231947,-0.012017358848848664,-0.4365891998439481
-0.8407205700787652,-0.1018235632549192,-0.12754373559023935,-0.015094881444002594,0.9985626511371853,0.051427388695784344,0.4364074693120979,0.0528553304604591,-0.8981953210580235,-0.8996225126589495,0.008885144669128127,-0.43657804447934256
-0.8407272312832443,-0.100490705448051,-0.12746893192713943,0.005345339883862658,0.9981381196306002,0.06075953819620191,0.43755670325929613,0.05230041343722846,-0.8976685346981652,-0.8991749322430994,0.03138408664569805,-0.43646246153710994
-0.84070650867086,-0.0991868517692297,-0.12738320127712702,0.026534484190376014,0.9971563712997573,0.07053433437023014,0.4388552873117363,0.05177630229073719,-0.8970647977262465,-0.8981658855396837,0.054757517268399364,-0.43623348834691367
-0.8406597072038389,-0.09792947809058389,-0.12728800119017433,0.04771902619770791,0.9956194382414717,0.08040415868895535,0.44028012361794855,0.051288770414578244,-0.8963943745786922,-0.8965914940962281,0.07817541957096903,-0.4359039991663262
-0.8405900239998108,-0.09673205010210784,-0.12718546035544154,0.06798415040476904,0.9936246470028639,0.0899345104071625,0.4417990939781707,0.05084063678320811,-0.8956722560242366,-0.894534357000227,0.10062450258218525,-0.4355261113025011
-0.8405021538408272,-0.09560266457931177,-0.12707814545480509,0.08619038410541942,0.9913905204945455,0.09857004393483146,0.4433746600223406,0.050431517291638056,-0.8949165172873597,-0.8921827887478184,0.12083665808527483,-0.435210723127255
-0.8404017445628142,-0.09454310124633347,-0.12696877326323144,0.10096017689243575,0.989267558785399,0.10562546954511137,0.4449681193879285,0.05005780418098604,-0.8941462905861368,-0.8898372971561814,0.13727313420824677,-0.4351386804392668
-0.840294771863061,-0.09354843214800213,-0.12685990367127403,0.11079683069392354,0.9876987254385157,0.11034169690245685,0.446543964473912,0.049712897378940316,-0.8933796033188315,-0.8878753009855066,0.148256047435923,-0.4355428730889458
-0.8401869102208485,-0.09260728060178486,-0.12675365324904983,0.11442574969604086,0.9870922108397017,0.11205228737553245,0.44807377652779246,0.04938769391480348,-0.8926313609088019,-0.8866434675756774,0.1523477042471192,-0.4366389107901531
-0.8400829733011975,-0.09170275003929068,-0.1266514674183519,0.11135151717559431,0.9876230878754372,0.11046029113704084,0.44953915269286343,0.049071315408612384,-0.8919117423827599,-0.8862930609109357,0.14897195138500052,-0.43851108068288236
-0.8399864849293768,-0.09081396285525528,-0.12655398197077303,0.10238422236766045,0.9890908892372474,0.10590884683557122,0.4509332970657686,0.04875202211541592,-0.8912252251462889,-0.8866660208937549,0.13900522712304353,-0.4410225779083271
-0.8398994230797967,-0.08991807082405168,-0.12646099236748018,0.08968738646999685,0.990994944880694,0.09942430250744405,0.4522610895303785,0.04841823147138041,-0.8905703687850719,-0.8873646824192275,0.12483867222176895,-0.44384594885267264
-0.8398221572191342,-0.08899253214895142,-0.12637153383504152,0.07611333031249101,0.9928082582748607,0.09240413004827834,0.453537652794808,0.04805953712956261,-0.8899403791200108,-0.8879810574815872,0.10964507828502718,-0.4466179557090739
-0.8397535763989635,-0.08801740530475521,-0.12628405928458375,0.06419607597253738,0.9942144969377348,0.08611851083579665,0.4547856406215313,0.04766761724197903,-0.8893243611590403,-0.8882842365561778,0.09625659637302411,-0.44909440292714536
-0.8396913838144603,-0.08697739390657289,-0.12619668820668334,0.0554692633413833,0.9951402539123745,0.08135745735689523,0.4560316413800109,0.04723693069945246,-0.8887090718780517,-0.8882332480180065,0.08639761235884919,-0.45119524564657437
-0.8396325148488649,-0.08586339401396964,-0.12610749013475,0.05039615293084593,0.9956489237269909,0.07838015342582225,0.4573022074331903,0.0467651251302041,-0.8880809164419017,-0.8878822663205423,0.08059927886055251,-0.45295566825094113
-0.8395736215137268,-0.08467334556497869,-0.1260147623241696,0.04869246105377239,0.9958361523183128,0.07706751567544398,0.45862006617034473,0.04625311509413648,-0.8874279036913348,-0.8872974017444407,0.07855575777717741,-0.45445826406570927
-0.8395115583331768,-0.08341226847807887,-0.12591726321615337,0.04970741765723656,0.9957826376109699,0.07711103204074511,0.46000103588513014,0.045704826246377964,-0.8867412902546017,-0.8865259272093831,0.07954877428551654,-0.4557891759302932
-0.839443804667486,-0.08209146243708537,-0.1258143703866992,0.05268959317130879,0.9955485248923667,0.0781469216033152,0.4614520632971984,0.04512663564856771,-0.886016692864079,-0.8855991192690971,0.08274491730417101,-0.45702021685055205
-0.8393687671911076,-0.08072695509105704,-0.12570614275140976,0.05692022185524566,0.9951825140894665,0.07982388110408274,0.46297063437249586,0.04452656695166054,-0.8852545264183787,-0.8845441085964444,0.08734499691492642,-0.4582058177950746
-0.8392859234562899,-0.07933738210389574,-0.12559328022754568,0.06175803589824759,0.9947313848308462,0.0818255280123358,0.4645456102981927,0.043913321502089826,-0.8844597199122941,-0.8833930727341428,0.09263418498135988,-0.45938609776327455
-0.8391957912087216,-0.07794156015448195,-0.12547698816676903,0.06664209909259762,0.9942456763677016,0.08387112526170014,0.4661593355384495,0.043295243223409254,-0.8836407617378099,-0.8821872275877064,0.0979849832288458,-0.46059161796841164
-0.8390997347361188,-0.07655605904576473,-0.12535876698134496,0.07108578188209967,0.9937808024794262,0.08571189087611043,0.4677906850614591,0.04267932621607263,-0.8828082181784858,-0.8809759852481459,0.10285033659200962,-0.46184750911850664
-0.8389996443724017,-0.07519308430567384,-0.12524015785788228,0.07468372922509925,0.9933931261591091,0.08713459409938319,0.4694185890785553,0.04207037724031029,-0.8819729426611432,-0.8798116439423443,0.1067716266556339,-0.4631752270197313
-0.8388975437995115,-0.0738589453767407,-0.12512248180999347,0.07714515298328697,0.993130495329246,0.08797979664827367,0.4710255136679484,0.04147043693498461,-0.8811442380985458,-0.8787397742477749,0.10941673595710892,-0.4645905585001291
-0.838795188732107,-0.0725533108517527,-0.12500661046534706,0.07835443727214218,0.9930184506746722,0.0881756132921078,0.47260039145729976,0.04087854051939729,-0.8803282427137114,-0.8777866780455107,0.11064945343144429,-0.4660978934742676
-0.8386937188034402,-0.07126935058903638,-0.12489280247573428,0.07843806031848875,0.9930472465594806,0.0877760604840926,0.4741405839578859,0.04029086035698004,-0.8795267779981285,-0.8769482181620236,0.11060656703979369,-0.4676836644465183
-0.8385934131295785,-0.06999474816954693,-0.12478062974084446,0.07779175158211393,0.9931681928404035,0.08697921657450021,0.4756526021878641,0.03970122300636844,-0.8787368291608769,-0.876186649874158,0.10973036782006027,-0.46931460765713884
-0.8384935819714188,-0.0687134513490823,-0.12466900415864739,0.07701982131886465,0.99330508307218,0.08609854276919972,0.477151493548449,0.03910194024502348,-0.8779507335116014,-0.8754395463585676,0.10870165689649837,-0.47094537948626436
-0.8383926057419807,-0.06740792832634229,-0.12455630051780282,0.07678370735486198,0.9933764128581938,0.08548429482559998,0.4786589948739174,0.03848484707312556,-0.8771570459000196,-0.8746369697829689,0.10826919655536967,-0.47253354607490117
-0.8382881116852461,-0.06606162737431043,-0.12444055691073087,0.0776248310995767,0.9933158017234477,0.08542893914398443,0.480200727430114,0.037842408926194525,-0.8763419500755695,-0.8737171435724216,0.10904893458061403,-0.4740534599541295
-0.8381772603996895,-0.06466130668177394,-0.1243197229445743,0.07985027481703111,0.9930810427143073,0.0861044494385095,0.48180284479672875,0.03716875054889573,-0.8754910066519321,-0.8726339165752293,0.11139356617012595,-0.47550133654751997
-0.8380571005766169,-0.06319891516808196,-0.12419191967635292,0.08352118159880884,0.9926522428951883,0.08755419407139227,0.4834886197490279,0.03646047058515122,-0.8745909836362877,-0.8713569686400165,0.11537832881378321,-0.4768908412232509
-0.8379249418268218,-0.061672762749824694,-0.12405567430711648,0.08851595048438574,0.9920253434996995,0.08972538305378744,0.48527546031705954,0.03571713507799043,-0.8736315092050461,-0.8698693316377534,0.12087184997394425,-0.4782440190529983
-0.837778692994108,-0.06008781316941081,-0.12391009704268598,0.09461323868489466,0.9912062082182095,0.09251263619222351,0.48717277723607877,0.0349413837623001,-0.8726063172020139,-0.8681653184651189,0.12762974767057755,-0.47958276378942505
-0.8376171175100853,-0.05845505172756371,-0.12375497625908706,0.10155568510126405,0.9902072884712123,0.09579127664929762,0.4891809950349017,0.034138629418066536,-0.8715139173175144,-0.8662496158269142,0.1353664649754335,-0.48092361476618967
-0.8374399683722576,-0.05679000786057775,-0.12359077984564722,0.1090821968534372,0.9890470483354074,0.09943344763532312,0.4912918268716355,0.03331637820452861,-0.8703576045468114,-0.8641373821208982,0.14379135969296433,-0.4822765075129511
-0.8372479825683072,-0.05511063056760046,-0.12341856376457802,0.11693343636254529,0.9877518602856112,0.10330940887818836,0.4934897455388163,0.032483244655737084,-0.869144815243507,-0.8618552329181978,0.15261422384217554,-0.48364703676603815
-0.8370427362045931,-0.053434806317967876,-0.123239801812263,0.12484055732430686,0.9863599482002795,0.1072794846804278,0.49575440878114047,0.03164777575708368,-0.8678859282553734,-0.8594430763122235,0.16153164047941515,-0.485041367001837
-0.8368263838242938,-0.0517778609500526,-0.12305616165570808,0.13250788309047104,0.9849264341486591,0.11118264358293063,0.4980636625347659,0.03081722990752811,-0.8665926877162543,-0.8569563868606949,0.17020639722417444,-0.48647254122162925
-0.8366013242338572,-0.050150391569610986,-0.12286925992860559,0.1396012919253264,0.9835272759934557,0.1148284662863371,0.5003966702449142,0.029996472902899834,-0.8652764783704616,-0.8544674667303503,0.17825349643212668,-0.4879662276317282
-0.8363698467119969,-0.048556730723720076,-0.12268043228726495,0.1457564405719875,0.9822580440609414,0.11800082588422162,0.5027367095380882,0.029187148635185393,-0.8639467062483445,-0.8520627094965492,0.18524914367446163,-0.48956296209300615
-0.8361338133442074,-0.04699425916850741,-0.12249055217743271,0.15062056055162723,0.9812225112194313,0.12048165924881121,0.5050732379922026,0.02838725365064429,-0.862609522376287,-0.849832025169201,0.19077879155295807,-0.49131352687505725
-0.8358944252349902,-0.0454536672400746,-0.1222999247592389,0.15393077141681286,0.9805088376615374,0.1220972435341833,0.50740294662751,0.027591193333006282,-0.8612670757692883,-0.847848788030475,0.19452800651341048,-0.49326593974971883
-0.835652104582145,-0.0439201341781249,-0.12210827097548056,0.15560704018347365,0.9801595576148051,0.12277495942450328,0.5097296746968235,0.026790330072165972,-0.8599174012357783,-0.8461454412681126,0.1963912417369318,-0.49544764848590905
-0.8354065046590963,-0.042375267659914506,-0.12191480290726052,0.1558121556026543,0.9801510221509027,0.12258281259211991,0.5120632295579337,0.025973961526876067,-0.8585549500511305,-0.8446974731234568,0.1965434483750117,-0.4978522389220581
-0.8351566396144869,-0.040799539755473346,-0.12171837758505692,0.15493325672890543,0.9803973503805302,0.12172395543281894,0.5144173165639903,0.025130602766619343,-0.8571716731342034,-0.843427833533183,0.19542130940975247,-0.5004398080190058
-0.8349011089135178,-0.03917488527960411,-0.121517704574944,0.15348238790963467,0.980778815760323,0.12048265915614062,0.5168069131431341,0.02424940069900601,-0.8557584829221407,-0.8422314237363869,0.1936101265985779,-0.5031514163246102
-0.8346383791444477,-0.037487104177602426,-0.12131157477549208,0.15196499063836247,0.9811779636466458,0.11914883664771571,0.5192454999321605,0.02332148944511775,-0.8543068646161414,-0.8410057980896939,0.19169223193515914,-0.5059281923309217
-0.8343670794552762,-0.03572773508254612,-0.12109907504009348,0.15077783319526597,0.9815050409425772,0.11795719402075633,0.5217425782133699,0.02234110270489293,-0.8528103876062927,-0.8396729881901681,0.19012819289689584,-0.5087244275337628
-0.8340862659629529,-0.03389513957954898,-0.12087975572943714,0.1501665491664472,0.9817061589255561,0.11705992072042282,0.5243018541786514,0.02130629079317743,-0.8512658854185716,-0.8381870753097242,0.18920639392015076,-0.5115108672193226
-0.8337956147929588,-0.031994646345581856,-0.12065372556284161,0.1502341220430544,0.981758973943748,0.11652907643533372,0.526920363909124,0.020219140514121978,-0.8496741236819834,-0.8365313136230041,0.18905158935536454,-0.5142711909978837
-0.8334955127346986,-0.03003773599046794,-0.12042165903136233,0.15097440844938204,0.9816637950129709,0.11637405876779953,0.529588665008752,0.019085459081697172,-0.848039852333538,-0.8347110721007641,0.1896626974720462,-0.5169966027935002
-0.8331870284754497,-0.02804038243539886,-0.12018471461081413,0.15230867095524422,0.9814354513347101,0.11656124405342141,0.5322920551003922,0.017913952428725143,-0.8463712296536209,-0.832746802352821,0.19095430126555285,-0.5196818430533593
-0.8328717649874744,-0.026020785639093436,-0.11994437529421209,0.15411426481885535,0.9810978267138196,0.11702926042987676,0.5350126203315256,0.016714996585416975,-0.8446786992550152,-0.8306685797990305,0.1927891680218825,-0.5223236996615144
-0.8325516127782704,-0.023996816244879204,-0.1197022347116375,0.15624366050704394,0.9806808482299824,0.11769873604368902,0.5377317932691114,0.015499160453304201,-0.8429734838847711,-0.828512182806593,0.19499961523081294,-0.5249216255793714
-0.8322284411830819,-0.021983532932141114,-0.11945976059973218,0.1585368623931186,0.9802188174265878,0.1184784082665149,0.5404330275550892,0.014275680415324715,-0.8412659197164234,-0.8263160448582525,0.19740130422948357,-0.5274794015867477
-0.8319037770481696,-0.01999112222820887,-0.11921807124873451,0.160832222728944,0.979748678360472,0.11927079853415913,0.5431041858490436,0.013051103338518994,-0.8395638820333418,-0.8241182193382905,0.19980539520382307,-0.5300065703386414
-0.8315785240155907,-0.018023549992619792,-0.11897775902483647,0.16298063207375013,0.9793068618701518,0.11998076455364177,0.545739287328763,0.011828298884641864,-0.8378715424284258,-0.8219525192094337,0.20203505052225734,-0.5325184452446078
-0.8312527698551573,-0.016078112460237215,-0.11873878819902425,0.16486581025949226,0.9789239274156788,0.12052887181312225,0.5483393617922762,0.010605994042951596,-0.8361886492889029,-0.8198434051187582,0.20394964384235595,-0.5350339558008034
-0.8309257148275135,-0.014145946999946979,-0.1185004830823269,0.1664283810240821,0.9786176287563582,0.12086823684072656,0.5509122929561777,0.009378908317207175,-0.8345104442417386,-0.8178002442280569,0.20547401968633514,-0.5375715652584967
-0.830595733878339,-0.012213426559673168,-0.11826160864239468,0.16768510941133624,0.9783868867856083,0.1209991894504812,0.5534716837242768,0.008138478788545194,-0.8328282298760187,-0.8158129683923407,0.20662251796204026,-0.5401447358568849
-0.830260563671031,-0.010264236197421228,-0.1180205316126301,0.16873193938140246,0.9782100163723484,0.12097394968091404,0.5560349196634227,0.006874075439888897,-0.831130504314297,-0.8138517682892149,0.20750400226418847,-0.5427590517871277
-0.8299175861072547,-0.008281832802356004,-0.11777543790361643,0.16972497031051506,0.9780489848321768,0.12088679713617523,0.5586207235352691,0.005574533555737104,-0.8294044922789895,-0.8118721091957941,0.20830052290953088,-0.5454122940176437
-0.8295641660253806,-0.006251933972868051,-0.11752457379396501,0.17084520310022344,0.9778581183389864,0.12085287326406582,0.5612465667992604,0.004229783085905609,-0.8276378436194718,-0.8098235658670885,0.2092262156938827,-0.5480968735841596
-0.8291979936511213,-0.004164677193385091,-0.11726647510405355,0.17226155210706628,0.977593287051181,0.12098480391409358,0.563926322441468,0.0028323405408648247,-0.8258202472116446,-0.8076590001500051,0.21048359308869602,-0.5508026838325738
-0.8288173822191613,-0.0020161370753701835,-0.11700015067768875,0.1741052659526881,0.9772181191982754,0.12137587848550882,0.5666685037893492,0.0013784476586083197,-0.823944723082315,-0.8053410229093536,0.21223300260006156,-0.5535187344857248
-0.8284214773389377,0.0001910197550719639,-0.11672519353826404,0.17646016505940504,0.976706257301051,0.12209298545035459,0.569475341467467,-0.00013131122649790553,-0.8220084051990426,-0.8028447207322966,0.2145806834417646,-0.5562333005906299
-0.8280103462486706,0.0024478384818780174,-0.11644180392247766,0.17936485265733407,0.976040815588793,0.12317701058223883,0.572342819385788,-0.001692011198249634,-0.82001270367942,-0.8001574512111601,0.21758093529275288,-0.5589334395689624
-0.8275849311146984,0.004740296572640412,-0.11615072145585836,0.18281984718841227,0.9752129238833206,0.12464612535073229,0.5752616415358422,-0.003295022281364072,-0.8179628271539321,-0.7972772085363369,0.22124397374642815,-0.5616049829100488
-0.827146869683943,0.007051266226651698,-0.11585307720221223,0.18679364226624381,0.9742209180951872,0.1264979760892679,0.5782189586164493,-0.004929204188440079,-0.8158667408606491,-0.7942109109710214,0.22554224813067536,-0.5642337487271931
-0.8266982068425276,0.009362936722534576,-0.11555018831238587,0.19122439317194087,0.9730710879669637,0.12870854369004597,0.5812005701544846,-0.006582503888862156,-0.8137337205097593,-0.7909735322424672,0.23041121588443256,-0.5668082064389436
-0.8262410390153703,0.01165934805102381,-0.11524332676805216,0.19601671340434518,0.9717802371551142,0.1312273551547421,0.5841932513677377,-0.008243735332818634,-0.8115727237186782,-0.7875885303396375,0.2357439532681856,-0.5693233662646717
-0.8257771463442691,0.013928671091562816,-0.11493349787700115,0.20103582111212784,0.9703795362654369,0.13397072152917575,0.5871868435614988,-0.009904285253554971,-0.8093908301197267,-0.7840894141474279,0.24138239523811927,-0.57178521307485
-0.8253076720204238,0.016164905998181267,-0.11462126294780133,0.2061042061675614,0.9689180509122814,0.13681690983348954,0.5901757918431016,-0.01155949050393661,-0.8071919925901503,-0.780521358402451,0.24711169295611096,-0.5742144375422457
-0.824832902265231,0.018368753935712356,-0.11430663398365216,0.2110083160803283,0.9674630727254859,0.13960907369331466,0.5931599052841975,-0.013209473476111051,-0.8049762956595219,-0.7769406781139641,0.25266719756043726,-0.5766476133383098
-0.8243521847302493,0.02054753575110596,-0.11398905720641367,0.2155220787074594,0.9660939312241092,0.14217155004276238,0.5961442370454977,-0.01485929830769629,-0.8027398394817863,-0.7734095178022166,0.2577629090962253,-0.5791338364032912
-0.8238640003447008,0.022714167657272244,-0.11366748845679818,0.21944767616828387,0.9648878267347503,0.14434056686680585,0.5991381167318574,-0.016518410353668612,-0.8004752708225226,-0.7699845677046674,0.262142373412767,-0.5817260021334597
-0.8233661783348509,0.024885339181023813,-0.11334054921812184,0.2226626936103689,0.9639008248740909,0.14600179684244338,0.6021534949910301,-0.018199428584976952,-0.7981728818177598,-0.7667023499013568,0.2656388160759407,-0.5844685843135713
-0.8228562211186665,0.0270791532852393,-0.11300673947135338,0.2251539004115014,0.9631518453375532,0.14711982854922673,0.6052028631913005,-0.019916457675610958,-0.7958221089531929,-0.7635674269601472,0.26821979333472346,-0.5873865226143161
-0.8223316889839957,0.02931256628160933,-0.11266467477019439,0.22702075964467358,0.9626176559988472,0.1477458055230012,0.6082970742726326,-0.021683158447361073,-0.7934132026070034,-0.7605499616210039,0.2699946092036502,-0.590480030889494
-0.8217905861041919,0.03159899452367143,-0.11231331113187644,0.2284468764488973,0.9622410915691921,0.1480003592444019,0.6114434049280961,-0.02351085195007203,-0.7909388107878624,-0.7575942101221989,0.27118134437367114,-0.5937269500814413
-0.8212316899056615,0.03394643130456643,-0.11195212305526005,0.22965366064719225,0.9619474694977674,0.1480414201437766,0.6146441611604456,-0.025406929676548257,-0.7883952327835215,-0.7546335211894025,0.27205064574680365,-0.5970901898758937
-0.8206547741018446,0.03635634390535952,-0.11158120686198653,0.23085557259890227,0.9616613071135285,0.14803119603898704,0.6178960438480378,-0.027373801721299093,-0.7857831469153984,-0.7516050715615059,0.27287030871830514,-0.6005261118577615
-0.8200606902362871,0.038823507769378374,-0.11120129256223461,0.23222961054325522,0.9613179342305612,0.14811224565718567,0.621190371063746,-0.029408541934020233,-0.7831076941002435,-0.7484597055851531,0.27386669565319804,-0.6039909785148986
-0.8194512915924455,0.04133679873366192,-0.11081366099865679,0.23390127490232157,0.9608689517812784,0.14839491602415392,0.6245141187410093,-0.031503293359340746,-0.7803778943567379,-0.7451659607712964,0.2752061046021008,-0.6074448871276542
-0.8188292050261667,0.04388082512411223,-0.11041997721220666,0.23594233838341336,0.9602833964168892,0.14895305140953186,0.6278516132722621,-0.03364639008572168,-0.7776054733253986,-0.7417098925250929,0.2769904673454363,-0.6108540875938968
-0.8181974785109039,0.046438159823689484,-0.11002206376909819,0.2383740415544639,0.9595471705450972,0.14982337538544818,0.6311866100495016,-0.03582404669517762,-0.7748032659795645,-0.7380930020039542,0.2792594943368621,-0.6141928485545164
-0.8175591521779325,0.048991846004801,-0.10962164726730775,0.24117100404987063,0.958662612721447,0.1510051051311382,0.6345044367638009,-0.03802237865295204,-0.7719834314599137,-0.7343300800952042,0.28199342845474334,-0.6174455763674324
-0.8169168150640629,0.051527811567395665,-0.10922011586292023,0.24426410967446657,0.9576488925094473,0.1524586612835408,0.6377938770903668,-0.04022946046835003,-0.769155745513523,-0.7304478181711398,0.2851143440548978,-0.6206092133888821
-0.8162722154169595,0.054036841783273615,-0.1088183245386066,0.24754372283112935,0.9565426203971797,0.15410490144898706,0.6410485175498003,-0.0424371143155301,-0.7663262291451166,-0.7264839319861853,0.2884879662867545,-0.62369527004269
-0.8156259871207986,0.05651582478312539,-0.10841647797313908,0.250867058680685,0.9553968801487549,0.15582849633788873,0.6442673681133594,-0.04464215493956348,-0.7634963237545005,-0.7224854858425782,0.2919312922664814,-0.6267302795800087
-0.8149775385091232,0.05896809067656711,-0.10801410921551705,0.2540741880866817,0.9542763028408227,0.15748982438413012,0.6474546803085507,-0.04684689392451845,-0.7606627409543452,-0.7185045190495646,0.2952322922142419,-0.6297532451200855
-0.8143251249019337,0.0614027969002206,-0.10761015771987618,0.2570145329871129,0.9532466502078687,0.15894764452766671,0.6506190076023436,-0.0490588163886517,-0.7578180121118039,-0.7145896982044717,0.2981846012154582,-0.6328092183415318
-0.8136660970742752,0.06383345097135429,-0.10720313500104167,0.25957962912023397,0.952360120035798,0.16008940599303303,0.6537716643832939,-0.05128946829040809,-0.7549516549369137,-0.7107749482046336,0.300631987998429,-0.6359397619246754
-0.8129972899164031,0.0662757873826696,-0.10679135268267544,0.26173149830467834,0.9516410678128651,0.16085987954483294,0.6569248267495603,-0.05355271251706989,-0.7520517794554602,-0.7070688755667646,0.3025084875405217,-0.6391730752861055
-0.8123154937148247,0.068745309847903,-0.10637317815604534,0.2635146349032208,0.9510782490941495,0.16127678472684534,0.660089568736064,-0.05586260791679687,-0.7491068884228549,-0.7034499260342978,0.30385775148371874,-0.6425174460087444
-0.8116179381135981,0.07125485967861667,-0.10594727888698682,0.265046130086243,0.9506270591746494,0.1614272074071277,0.663274134237222,-0.05823122326913595,-0.7461075977956824,-0.6998699677641341,0.30482342265898377,-0.6459603000342145
-0.8109027171725187,0.07381256819837945,-0.10551281816127561,0.26648883481008434,0.9502201364044873,0.1614478036177671,0.6664827059603458,-0.06066671025381678,-0.7430480152202513,-0.6962646792544765,0.3056161688105145,-0.6494722886961721
-0.8101690924355403,0.07642049578516336,-0.1050695724026206,0.2680191071699359,0.9497810583164953,0.1614982955174095,0.6697148531318198,-0.06317192495848437,-0.7399265662156378,-0.6925660789314299,0.3064722649119128,-0.6530137649033952
-0.8094176277789598,0.0790741601449444,-0.10461795200292984,0.26979979962089096,0.9492360003540284,0.1617377004795537,0.6729657310457302,-0.06574381155348571,-0.7367461408657027,-0.6887127071302034,0.30761789101790954,-0.6565409660966179
-0.8086501327135873,0.08176302631040039,-0.10415892214553878,0.27196329050612067,0.9485210078936422,0.1623079363478957,0.676226985211998,-0.0683736544977176,-0.7335135362361889,-0.6846554119322911,0.30924576141809296,-0.6600106256392914
-0.8078694172488047,0.08447188984068016,-0.10369383528541115,0.274603477682351,0.9475854191506047,0.16332422801878327,0.6794882010021582,-0.07104818085398379,-0.730238276657825,-0.6803592541765046,0.31150285618355483,-0.663383189300029
-0.8070788885908147,0.08718295369709328,-0.1032242005640794,0.27777258490424955,0.9463935008293883,0.16486883472477798,0.6827386553975734,-0.07375136857398243,-0.7269309898878834,-0.6758034621852166,0.3144838266451219,-0.6666255345222799
-0.8062820445536616,0.08987829766418803,-0.1027514254240058,0.28147849663304153,0.9449264990570387,0.1669843325375495,0.6859690846977855,-0.07646670789627807,-0.7236015874929986,-0.670981572602471,0.318224376758465,-0.6697140996459621
-0.8054819368591157,0.09254238182881896,-0.1022765694373522,0.2856801559013479,0.943186555439021,0.1696642866464719,0.6891731868435578,-0.07917958837382955,-0.7202575312489592,-0.6659032715493118,0.3226913609380106,-0.6726389213507483
-0.804680685808142,0.0951642206714387,-0.1018001489972307,0.2902815513152578,0.941202556362085,0.17284203442300564,0.6923486265271804,-0.08187945683104224,-0.7169024577269774,-0.6605982139787647,0.3277705027096396,-0.6754083929309262
-0.803879123490941,0.09773891216110009,-0.10132202409118941,0.2951283875452102,0.939036005494081,0.17638201509985252,0.695497395183202,-0.08456141828996032,-0.7135353809238694,-0.655120300523763,0.3332577784876305,-0.6780535708328242
-0.8030766252441133,0.10026829967431855,-0.10084138593941372,0.3000144352698336,0.9367827984770296,0.18008144576071064,0.6986254812917208,-0.08722703029362872,-0.710150605207139,-0.64954890156141,0.33886491949403574,-0.6806297016856275
-0.8022711606792927,0.1027606699815935,-0.10035684875093641,0.304704360558293,0.9345656905100661,0.18369056257250985,0.7017419127498149,-0.08988415967399128,-0.706738371485468,-0.6439825623004034,0.3442496302992116,-0.6832120106466684
-0.8014595610574362,0.10522952996747353,-0.09986663269274902,0.3089741266550795,0.9325144102751749,0.18695417536624767,0.7048573271138974,-0.09254591102321429,-0.7032861457235849,-0.6385226209552664,0.3490732430049978,-0.6858839067556484
-0.8006379653190793,0.10769163824783246,-0.09936881095036362,0.31265974230128407,0.9307366076899058,0.18966616105668646,0.7079822947776994,-0.09522877564853444,-0.6997803588053781,-0.6332495209831569,0.35307343059817925,-0.6887192437998485
-0.7998023788914591,0.11016457624778908,-0.09886158371165579,0.31569659824428464,0.9292899555480637,0.19171811696984828,0.7111256556291266,-0.09795026693955922,-0.6962083359975763,-0.6282005728770328,0.3561262749699137,-0.6917644949786173
-0.7989492621201909,0.11266421080138811,-0.09834353755032205,0.31813285407464814,0.9281675896458392,0.19312279173974134,0.7142931264347847,-0.10072638549921589,-0.6925601235938178,-0.6233592998314365,0.358272411434786,-0.6950281019630536
-0.7980760610320282,0.11520241678257176,-0.09781385063050205,0.32011234855124704,0.9273027006255123,0.19400460231045133,0.717486393822219,-0.10356928444895978,-0.6888299340176197,-0.6186609402451337,0.35969863042742023,-0.6984808775361322
-0.7971816018703883,0.11778539082024109,-0.09727241206201463,0.32183673520731043,0.9265880948421323,0.1945652033841797,0.7207028314000292,-0.10648547892040813,-0.6850169863522161,-0.6140102154549879,0.36068732342004883,-0.7020656023770147
-0.7962662903538809,0.12041280088404482,-0.09671983642264592,0.32352300869997985,0.9259006846771886,0.1950404700466708,0.7239358801596156,-0.10947486795119166,-0.6811256086101829,-0.6093026376598374,0.361556600550153,-0.7057103657587737
-0.7953320838033859,0.12307789395169993,-0.09615737009283934,0.32536910558095183,0.9251221516963773,0.19566284668816525,0.7271760245925991,-0.11253072202372319,-0.6771645781185865,-0.6044418701506,0.36260976412871826,-0.7093406689083607
-0.7943822357429731,0.12576854320682462,-0.09558670236868382,0.3275321488262485,0.9241522795718741,0.1966348281647198,0.7304122011378515,-0.11564065048821355,-0.6731457913287592,-0.5993502381030796,0.3641013651674102,-0.7128881314547255
-0.7934208447657805,0.12846907823959347,-0.09500970894238116,0.3301172357073199,0.9229161585735964,0.1981120262192939,0.7336334076510792,-0.11878841886808279,-0.6690824573407125,-0.5939735969445304,0.3662172521694973,-0.7162962308613661
-0.7924522686236871,0.13116262705780923,-0.0944281660423052,0.33317197735969506,0.9213685416321388,0.2001910187618232,0.7368302545350927,-0.12195635712968303,-0.6649870848049665,-0.5882836131526875,0.3690618612730437,-0.7195246577079176
-0.7914804866570953,0.13383362424647965,-0.0938434785736608,0.3366827926246451,0.9194983243760061,0.2028978280322071,0.7399962141221001,-0.12512800622909248,-0.6608695674201461,-0.5822802591840371,0.3726470361170862,-0.7225537255026242
-0.7905085049381746,0.13647011605142756,-0.09325646405472582,0.3405718468928688,0.9173342967754355,0.20617615056911248,0.7431283804427677,-0.12829060748443905,-0.6567356623572247,-0.5759956833905,0.3768810263077603,-0.7253893194173183
-0.7895378959025883,0.13906552359236563,-0.09266722607144286,0.3446972403713783,0.9149505822543221,0.20987911881088456,0.7462276351906217,-0.13143705621405707,-0.6525860990946676,-0.5694981378004398,0.3815622259687925,-0.7280673998714483
-0.7885685468305396,0.14161960506207932,-0.09207513751054888,0.34886211154044755,0.912467228315143,0.21377274003581728,0.7492982121001825,-0.13456701677724173,-0.6484164613418936,-0.562892011379634,0.38638746776591293,-0.7306553963931531
-0.7875986611349224,0.14413847491251847,-0.09147893703656954,0.352838528868808,0.9100398221835938,0.21756032401554345,0.7523467452663392,-0.13768701982278872,-0.644217866454715,-0.5563086799905627,0.3909856859430682,-0.7332467838011881
-0.7866250176947498,0.14663367575859798,-0.09087692479407418,0.35640728840473207,0.9078342209393314,0.22093182673273568,0.7553809635942415,-0.14080951507809572,-0.6399783436202406,-0.5498849376109706,0.3949806422534517,-0.735946226047549
-0.7856434530949461,0.1491204373150249,-0.0902672279111303,0.35940563985731294,0.9059896678977846,0.22362984528281815,0.7584082437472155,-0.14395101050658965,-0.6356847035995091,-0.5437320312939271,0.3980713858550916,-0.7388468379227097
-0.7846494967011449,0.15161537621161558,-0.0896480954669273,0.36176689367561227,0.9045824072310509,0.22551138146083796,0.7614342518213523,-0.14712956681379888,-0.6313246159642767,-0.5379057489872696,0.40010443523817785,-0.7420066348147994
-0.7836390648712115,0.15413397361118425,-0.089018177835223,0.36353603727840406,0.9036051272111196,0.22658182556791956,0.7644618875440429,-0.15036201445729863,-0.6268885763043877,-0.5323904320069194,0.4011097589016244,-0.7454336920352921
-0.7826091116881816,0.15668820176248976,-0.08837674741735779,0.3648557463037097,0.9029707023244887,0.2269894163453053,0.7674906959830142,-0.15366130450949034,-0.6223714606856182,-0.5271037051365434,0.40128806889821783,-0.7490858227141047
-0.7815581399657312,0.1592846504528283,-0.08772382639142122,0.3659306621539569,0.9025362446414077,0.226986954700379,0.7705168367167137,-0.15703438903447794,-0.6177734252916982,-0.5219181495518578,0.40095950888980514,-0.752883070203608
-0.7804864961149216,0.16192343224134337,-0.08706020094635562,0.36698513798491933,0.9021350119221384,0.22687954681379477,0.7735336097485463,-0.1604809534412203,-0.6131000066644761,-0.5166891358327306,0.40049754536930676,-0.7567258770952573
-0.7793964024574749,0.16459803166563974,-0.08638731852335267,0.3682275763445702,0.9016042103177777,0.22697643039897408,0.7765324454882778,-0.16399320249473393,-0.6083613980517798,-0.5112786061663432,0.40027000571211635,-0.7605117417922115
-0.7782917167421748,0.16729612507627034,-0.08570708236778034,0.36982705122562626,0.9008031445868929,0.22755581048200718,0.77950418889354,-0.16755674958032554,-0.603571002590002,-0.5055701451620559,0.4005975915709445,-0.7641468431841989
-0.7771774467463646,0.1700012550250753,-0.08502157356954866,0.37190097134130967,0.8996226834543702,0.22884207421221317,0.7824404597904343,-0.17115249638758748,-0.598743475841892,-0.49947632015774607,0.4017285780158725,-0.7675529657339758
-0.7760590835117853,0.17269511752260547,-0.08433274230574621,0.37450914237832456,0.8979903867164033,0.23098954010945202,0.7853348617568493,-0.17475924079385982,-0.5938925514489167,-0.49294224528275354,0.4038223286571435,-0.7706720896033018
-0.7749418453334449,0.17536013058587002,-0.08364211532602772,0.3776497196426669,0.8958758400363338,0.23406658986922543,0.7881838423414571,-0.1783566371476544,-0.5890289811692097,-0.48594950347301724,0.4069341337668459,-0.7734711958759388
-0.773829941500824,0.17798191137059066,-0.08295056485537089,0.38125503670127847,0.8932988251610048,0.2380374045310426,0.7909870711883241,-0.18192807392084345,-0.5841589074321895,-0.4785227791890618,0.4109980351357179,-0.7759488159097582
-0.7727259662280419,0.18055130248787554,-0.08225817515351165,0.3851890303847057,0.8903395913689434,0.242744357117263,0.7937472868268092,-0.18546303961074012,-0.5792829236162793,-0.4707384151802024,0.41581110252051773,-0.77814296340345
-0.7716305174247595,0.183065653521913,-0.08156422823867379,0.38925172521865337,0.887146119389004,0.24790090211076854,0.7964696515035807,-0.18895861940438352,-0.5743959735117875,-0.4627301466816994,0.42103016875969834,-0.7801374291406052
-0.7705421031639861,0.18552917157477766,-0.08086731200860837,0.3931979150895023,0.8839293381587817,0.25310931375879187,0.7991607313484956,-0.19241989222051206,-0.5694881127366787,-0.45468398370715163,0.4261965628909095,-0.7820607167862159
-0.7694573554360377,0.18795228930503521,-0.08016553504191065,0.39677409593951707,0.8809372103411683,0.25791461421892903,0.8018272749204335,-0.19585916085383498,-0.5645460214219058,-0.44681465730775927,0.43080020954724674,-0.7840713242231208
-0.7683715232437146,0.19035014119580596,-0.07945681572820809,0.39976894202317986,0.8784061886172561,0.2618918876035934,0.8044749901840154,-0.19929412183779027,-0.5595550403394934,-0.43932309654979,0.43437820018943113,-0.7863274102039777
-0.7672791735980715,0.1927403684049065,-0.07873920166469649,0.4020621962586681,0.8765026126077449,0.26474357486340167,0.8071075162424407,-0.202745239771654,-0.5545014201739188,-0.4323464439134596,0.4366205879728212,-0.7889480430254288
-0.766174996974861,0.1951405708370078,-0.0780111702748578,0.4036529073893926,0.8752776482298025,0.2663707357526286,0.8097257533927822,-0.2062327097104143,-0.5493744385553365,-0.42592080795446174,0.4374438340573637,-0.7919812860141408
-0.7650545982537825,0.1975657775299487,-0.07727186410128295,0.4046556328348672,0.874656061578855,0.26689060073067294,0.8123276579115187,-0.2097734536994901,-0.5441680570512885,-0.4199733265422927,0.4370032861047551,-0.7953933196391872
-0.7639151567618263,0.2000263049074144,-0.07652122381725089,0.40526812101521975,0.8744615557541857,0.2665984576038702,0.814908533796568,-0.21337859500497955,-0.538881857867964,-0.4143450634849174,0.4356449961857369,-0.799081726523645
-0.7627558583642728,0.2025263165466189,-0.075759997274136,0.40572544947357647,0.874463312320191,0.26589617345021005,0.8174617726557385,-0.21705178651616605,-0.5335211075643382,-0.4088313954382678,0.433823048461168,-0.8029037630549865
-0.7615780349931024,0.20506329561061387,-0.07498962161991123,0.4062569213934314,0.8744228994921898,0.2652167164105669,0.8199799175440983,-0.22078864738744192,-0.5280959269007833,-0.40322233152977066,0.432015006716776,-0.8067061331905193
-0.7603849878574249,0.20762850696224483,-0.07421199494094158,0.40705527655248636,0.8741280734135988,0.264964361945166,0.8224558700772017,-0.2245774010184468,-0.5226196826826877,-0.3973315285832877,0.43065659430923614,-0.8103471812572919
-0.7591815147674639,0.21020838016027998,-0.07342917109702989,0.40825944874265996,0.873411217084821,0.26547517470142323,0.8248840338956968,-0.22840063043210798,-0.517106838711478,-0.3910122160959972,0.4300999859202825,-0.8137096834713656
-0.757973204362979,0.21278660884852818,-0.07264302378706586,0.40994691405606926,0.8721576365818767,0.266991731347285,0.8272611978077432,-0.2322378995724821,-0.5115705900497602,-0.38416459787128115,0.43058868419185986,-0.8167073813724961
-0.7567655953407196,0.2153466566878156,-0.07185493139448168,0.4121306283024579,0.870310862458314,0.269643000840161,0.829587007695775,-0.2360688562466958,-0.5060206436231107,-0.37674094797007696,0.43223893600350527,-0.8192897901995152
-0.7555633218935229,0.21787430039481503,-0.07106553180430786,0.4147575287968891,0.8678800506420131,0.27342349936301147,0.8318639489618558,-0.23987635536558338,-0.5004614915796333,-0.3687527121580065,0.435021323424658,-0.8214486505205141
-0.7543693731138807,0.2203598350745276,-0.07027458635441106,0.4177090946509519,0.8649502065266842,0.27817306209503534,0.834096846676395,-0.2436491327996249,-0.4948914532000779,-0.3602798393060267,0.43874393479048457,-0.823226698470225
-0.7531845815189114,0.2227996162489076,-0.06948097581692361,0.42080804096153906,0.8616902331785101,0.28356751348995624,0.8362919724164197,-0.24738362295025643,-0.48930264659805367,-0.35147735280379794,0.4430477233219584,-0.8247256424564863
-0.7520074245510397,0.2251967093514456,-0.06868283127599016,0.42383689022361026,0.8583483831750383,0.28913724005457525,0.8384559106400393,-0.25108463806076586,-0.483681910394297,-0.34256966648896675,0.4474310646688403,-0.8261062074400278
-0.7508341769358984,0.2275605469986744,-0.06787778208854275,0.4265716038629081,0.8552235011939449,0.2943287783812461,0.8405943737201287,-0.2547647954284471,-0.47801254991931547,-0.3338229555436394,0.4513176952168749,-0.8275714907705782
-0.7496593984047768,0.2299056385891931,-0.06706328501769754,0.42882600224592954,0.8526083525851573,0.29860886942587267,0.8427111596528806,-0.2584427644320995,-0.47227665505420835,-0.3254937191318308,0.4541655365774888,-0.8293295510175738
-0.7484766895848673,0.23224951522578774,-0.06623698592593558,0.4304939424100332,0.8507181176639463,0.3015852281305883,0.8448074213406008,-0.2621405807231303,-0.4664576473657435,-0.31776624489726807,0.4555886304732072,-0.8315429113325644
-0.7472796076375343,0.23461020576846386,-0.06539706005739442,0.4315731237279321,0.8496321283141731,0.3031004543250363,0.8468813662527643,-0.26588041419485725,-0.4605426764605234,-0.3107033800420701,0.4554479683607109,-0.834284458531102
-0.7460626090529571,0.23700361047875745,-0.06454247973510502,0.43216112261186584,0.8492753679761796,0.30326244978858935,0.8489284375010354,-0.26968126037201673,-0.45452450517679593,-0.3042322667057221,0.4538759380635703,-0.8375197673738887
-0.7448218830027677,0.23944115638676494,-0.06367316883577345,0.43242688429993537,0.8494458696689071,0.3024048680776893,0.8509419508195287,-0.273556039869308,-0.4484025974350242,-0.2981690561914577,0.45123032650017675,-0.8411221114537646
-0.7435559543402825,0.2419280798857717,-0.0627900201368354,0.43257051767458143,0.849870722459241,0.3010024955799408,0.852914086952843,-0.27750953530740824,-0.44218324040024903,-0.29226752730356836,0.44800470189505204,-0.8449091546218348
-0.7422659674553689,0.24446259215210975,-0.061894772116015545,0.43278540303017715,0.8502645480672224,0.2995780252689592,0.8548370769471574,-0.28153747694326176,-0.43587867687334947,-0.2862697448219899,0.44473233228141174,-0.8486829713285692
-0.7409556058506479,0.2470360546980565,-0.0609897630166551,0.43323106302805076,0.8503722666783442,0.29862661316754785,0.8567043800911459,-0.28562692343395213,-0.42950537335672584,-0.2799436571173398,0.4419097969880167,-0.8522601012400962
-0.7396306519682502,0.24963414465801398,-0.06007759880520298,0.43401825864015936,0.8499920378699349,0.2985660508575596,0.8585116495760958,-0.2897578957153181,-0.4230816817267816,-0.2731041902078672,0.43994760759475193,-0.8554882838838644
-0.7382982417247719,0.2522388443703277,-0.05916078515178651,0.4352032524821609,0.8489842856485923,0.2997062090626385,0.8602573129151557,-0.29390603716449354,-0.4166252475477923,-0.26562282395333703,0.43914112087119794,-0.8582538035773815
-0.7369659125202546,0.2548309691172832,-0.05824137958685251,0.43678704414423464,0.8472758422952642,0.30222628133667157,0.8619426590760668,-0.298045919633828,-0.4101505604707924,-0.257433351632265,0.43965017554014074,-0.8604857887350041
-0.7356405762079408,0.2573928683237044,-0.057320717437924815,0.43871674218488416,0.8448663919952344,0.30615094284296557,0.8635714109710226,-0.3021545162964875,-0.4036670242107384,-0.24853981226394964,0.44147868347021063,-0.8621627072433661
-0.7343275641207789,0.2599109103291079,-0.056399254255064375,0.44088885125331223,0.8418398185286093,0.3113241731383104,0.8651488539195935,-0.30621433428235395,-0.397177846866651,-0.2390282021062532,0.444453036236376,-0.8633232402629497
-0.7330298857777162,0.262377392227561,-0.055476549750173056,0.4431569287453112,0.8383767466699698,0.3173899291850651,0.8666806700713146,-0.3102157477059565,-0.39067992781812017,-0.22907761267692867,0.44820823343431726,-0.8640791785779401
-0.731747815307256,0.2647915992033681,-0.054551396480908614,0.44534736054698615,0.8347575234569784,0.3237987113714396,0.8681716806462901,-0.3141581879610815,-0.3841647639500606,-0.21896041052580262,0.4521996350827612,-0.8646223618744715
-0.7304788728663527,0.26715986011057274,-0.05362207397674103,0.44728529062178807,0.8313405440080004,0.3298617417674634,0.8696247136157941,-0.318050015500995,-0.3776202392728242,-0.209018483063174,0.4557599011851517,-0.8652133761157825
-0.7292182093578516,0.2694945903147905,-0.052686689246394,0.4488275438616317,0.8285054265090229,0.33486205236819117,0.8710397929997686,-0.32190709056629835,-0.37103302286192974,-0.1996084038362513,0.4582080131209435,-0.8661419640161199
-0.7279593413478569,0.2718124587249492,-0.051743550705789405,0.4498932546060654,0.8265678608106355,0.3382035347758684,0.8724137928010768,-0.3257502508419697,-0.3643912021534463,-0.19102417017331,0.45899057239917684,-0.867662042997315
-0.726695129724823,0.27413194290940757,-0.05079151669278994,0.45048082687360463,0.8256954066436437,0.3395498786141166,0.8737406235874706,-0.3296020641195275,-0.3576867372731687,-0.18342395512105933,0.45780953984788697,-0.869923029877939
-0.7254188590861315,0.2764706260041846,-0.04983026282717058,0.4506647074689394,0.8258622610779389,0.338899464692952,0.8750119346995644,-0.33348333079220066,-0.3509173438533141,-0.1767920687566631,0.45468713838305763,-0.8729285025783987
-0.7241252603442643,0.278842628424414,-0.04886042412163581,0.45057429725987785,0.8268636962206944,0.33656980036987616,0.87621823209138,-0.3374098492208329,-0.34408749381433684,-0.17095149136355217,0.4499455761767491,-0.876541251784279
-0.7228113277213075,0.2812565497511894,-0.04788358627429844,0.4503639402430703,0.8283788678641604,0.33310774924163544,0.8773502423666593,-0.341389921031452,-0.3372083540443552,-0.16561664634903328,0.4441186475416573,-0.8805281104870353
-0.7214768106281819,0.2837142233603367,-0.046902123273515575,0.4501838652318273,0.8300494464386237,0.3291692633765591,0.87840030797072,-0.34542296786837196,-0.3302966427712367,-0.160459921606224,0.437836601640316,-0.8846195361974457
-0.7201243059822109,0.28621046849420906,-0.0459189019714729,0.45015851674763147,0.8315438951407728,0.32541060255265813,0.8793635849919214,-0.34949947050322605,-0.32337254909487967,-0.15516763576766723,0.4317231411125384,-0.888559583954951
-0.7187589312248468,0.2887338787283448,-0.044936895095222626,0.45037416439498695,0.832594497539276,0.3224120263154555,0.880238838246575,-0.35360224817124436,-0.3164570077128354,-0.1494747459868595,0.4263236478962469,-0.8921353302927761
-0.7173876161844255,0.2912685338274048,-0.04395875904688229,0.45087437754454046,0.833010707650531,0.32063290007949075,0.8810286873686969,-0.35770889856536536,-0.3095687256822694,-0.1431808217158069,0.42206338958350215,-0.895188107308219
-0.7160181063183657,0.29379638653657936,-0.04298643939831589,0.4516606543382306,0.8326800706350754,0.3203850079044383,0.8817392448097143,-0.36179504639147014,-0.3027214042134922,-0.13615637144532214,0.4192233824272677,-0.8976152840393731
-0.7146578139221644,0.29629997700240507,-0.042020864032557004,0.4526959285201189,0.8315677141777813,0.32180977772349795,0.8823791878340683,-0.36583792686426936,-0.29592157769406324,-0.12834860801191908,0.4179207436880747,-0.8993713842549191
-0.7133126809465173,0.29876507957056914,-0.04106177170462999,0.4539101690326402,0.8297208887052865,0.324851974435849,0.8829584035969047,-0.36981977855502324,-0.28916740637063365,-0.11979155214941713,0.41808680705760426,-0.9004739895177489
-0.7119862216475751,0.301182896165371,-0.04010770412870888,0.45520898995310677,0.8272784603913212,0.32923414834800674,0.8834864209911758,-0.37373054548886026,-0.2824486206247106,-0.11061880215440209,0.41944705070028115,-0.9010147902608264
-0.7106788926394756,0.3035514753595613,-0.03915616549661558,0.4564869961324718,0.8244774971899951,0.33444951635377557,0.8839708812256722,-0.3775694873592756,-0.275747644342363,-0.10106979522617565,0.4215188475531973,-0.9011696608576897
-0.7093878933699076,0.3058761468641783,-0.038203928287946755,0.4576462944814684,0.8216423268587701,0.3397995819030492,0.8844162945768012,-0.38134545421116023,-0.26904174850666734,-0.09147506236358957,0.4236502463903325,-0.9011951962249843
-0.7081074376287386,0.30816890168083105,-0.037247442185402414,0.45861697533248924,0.8191414196887706,0.3444964506161771,0.8848232854263233,-0.3850757746092443,-0.2623059308831157,-0.08220841504522025,0.42511643388530046,-0.9013976892229077
-0.7068294663683938,0.3104467989114849,-0.03628328723558876,0.45937262946802676,0.8173105752894886,0.34782209650279006,0.8851884506714496,-0.3887839061892519,-0.2555161072928782,-0.07360838330998333,0.4252652087911641,-0.9020705671389009
-0.7055447056724871,0.3127296202542265,-0.03530860548658919,0.4599340401522982,0.8163646319224528,0.349298534859942,0.8855048613228385,-0.39249617605848885,-0.24865215131400834,-0.06589248274882646,0.42366913921783605,-0.9034172021782703
-0.7042439221571608,0.3150371028420076,-0.03432144824907673,0.46035949838031526,0.8163367330840325,0.3488029106368147,0.8857631383211564,-0.39623807053413024,-0.24170033978223038,-0.059099873455706456,0.42022580796171805,-0.9054929460136288
-0.7029191992423751,0.3173861444098426,-0.03332098846445623,0.46072675371131716,0.8170749981403918,0.3465823218638105,0.8859529450458801,-0.4000306004726149,-0.23465484834124087,-0.05308707544368009,0.4151673952749635,-0.9081948008667741
-0.7015650549261204,0.3197883819825052,-0.032307567633624974,0.4611140280438709,0.81829465324169,0.3431730082876831,0.8860646722746494,-0.40388726018915966,-0.22751808192693646,-0.04757362386843279,0.40898525833207666,-0.9113000651701225
-0.7001792438733361,0.3222484943449758,-0.03128257145370413,0.46158511470839614,0.8196555277048019,0.339269800870339,0.8860910555680352,-0.40781201529162214,-0.22029979896974747,-0.042211646757289834,0.4023110439532433,-0.9145293876039684
-0.6987631294560526,0.32476347605159495,-0.030248154102256633,0.4621799519824032,0.8208308207786172,0.335598652627577,0.8860284663710318,-0.41179860884090713,-0.21301516973420156,-0.03665035833030209,0.3958013004230735,-0.9176045345450645
-0.6973215686847505,0.3273229912122162,-0.029206854161428045,0.46290999981916553,0.8215490627234275,0.33282348115131216,0.8858776588496526,-0.41583128668982067,-0.20568207155935253,-0.030579496700863604,0.3900531740008614,-0.9202844211619448
-0.6958623178329919,0.32991075931178826,-0.028161161986273286,0.46375734369478117,0.8216099505891988,0.3314908977060682,0.8856438316923106,-0.41988683897025675,-0.19831804215685414,-0.023751411632225855,0.3855543172529383,-0.9223793898895927
-0.6943950317190146,0.33250677617357727,-0.027113106253413958,0.46467678875591295,0.8208850061039353,0.33199892883145704,0.8853359685534801,-0.4239376655755634,-0.19093736798178854,-0.015990771618804328,0.3826547562229995,-0.923753015022388
-0.6929299874572689,0.33509005309244455,-0.02606392513060682,0.4656008178650271,0.8193153462399609,0.33457172895974135,0.8849655371164881,-0.42795542722219887,-0.1835487685254,-0.007202535632870711,0.38154490656639445,-0.9243222423774614
-0.6914767062009473,0.3376414836702053,-0.025013875177415098,0.4664480410423974,0.8169153466823714,0.3392278605340825,0.8845447354510257,-0.4319147618019117,-0.1761540505451767,0.0026145733085333467,0.3822289299522186,-0.9240639637568366
-0.6900426667166788,0.34014643113376214,-0.023962210464723067,0.4671363006696494,0.8137853870384443,0.34574126227478913,0.8840845556808392,-0.43579653975047034,-0.16874796101917647,0.0133482209783741,0.3844928084947838,-0.9230314757431114
-0.6886322974427845,0.3425966704405862,-0.022907338532952272,0.46760102385403673,0.8101295413170513,0.35360911862688243,0.8835929733273311,-0.4395902019274557,-0.16131928544332594,0.024753585138784784,0.3878795955638848,-0.9213775986901213
-0.6872463977906,0.3449914124413157,-0.021847132579227605,0.4678166611262206,0.8062652432672105,0.3620551464514496,0.883073558224266,-0.4432948577406647,-0.15385304633258878,0.03645082081172475,0.39169634488969873,-0.9193722374871898
-0.6858820788309523,0.347337268045647,-0.02077935478873829,0.4678142876661838,0.8026053076037332,0.37010067881820724,0.8825247412911216,-0.44691899975753635,-0.1463334844277345,0.04795699390517048,0.39507990060497805,-0.917394134967921
-0.6845332372367852,0.3496471603021775,-0.019702127719656348,0.4676848991643807,0.799596600624258,0.3767175485210821,0.8819398712224231,-0.45047888803026953,-0.13874737830743927,0.058761370319109815,0.39713227986294697,-0.9158782963085643
-0.683191496964434,0.3519383409216447,-0.01861438186790225,0.4675610314476655,0.7976205804431508,0.3810355515239049,0.8813080730201799,-0.4539958451440151,-0.13108719625283263,0.06843071168016153,0.39710097235527114,-0.915220222380081
-0.6818474838906825,0.3542297946905531,-0.01751620937128299,0.46758065905403084,0.7968905251763626,0.38253603511661355,0.8806157956783712,-0.45749285562285635,-0.12335358712171114,0.07670819826033619,0.3945450265029145,-0.9156691948413835
-0.6804922504695714,0.35653940276011087,-0.01640906610085324,0.4678491788318476,0.7973937649484631,0.3811565682074503,0.8798488280194807,-0.46099095977181276,-0.11555680352713547,0.08356545757137056,0.389423315467856,-0.9172602115380947
-0.6791186470280148,0.3588812712126468,-0.015295785442366858,0.46841645354636413,0.7989068353184998,0.3772716455399559,0.8789944854302648,-0.46450595886392576,-0.10771679888990746,0.0891892405519331,0.3820760168622002,-0.9198169365196996
-0.6777224450782633,0.361263608752352,-0.01418039390945101,0.46927498566807385,0.8010708186565589,0.3715730497804431,0.8780436372327162,-0.4680459018766914,-0.09986192893979594,0.09391676602913476,0.3731200573988823,-0.9230173691893797
-0.6763030530780544,0.3636874591698278,-0.013067747486136518,0.47037280063256826,0.8034864065212715,0.36490960930154764,0.8769922603168434,-0.47160971019514975,-0.0920263907474403,0.09815296108334502,0.3633096142206811,-0.9264837399789546
-0.6748637205837111,0.36614647109794835,-0.01196303406126497,0.47163024295785116,0.8057906120167432,0.35814299310917785,0.87584226881199,-0.4751871321317421,-0.08424671874130263,0.1022997267336718,0.3534100720722215,-0.9298581003938844
-0.673411195412142,0.3686277373700446,-0.010871207551268167,0.4729535120399505,0.8076985932047841,0.3520482324683499,0.8746014744481604,-0.4787600277851217,-0.07655779965681805,0.1067109944765845,0.3441101834154305,-0.9328456170919265
-0.6719548723146918,0.37111358138387923,-0.00979643023796827,0.4742434951481602,0.8090146075585475,0.34725850899084737,0.8732826634810416,-0.482304794797476,-0.06898894533780475,0.1116713793821659,0.3359723942115682,-0.935228342895269
-0.6705055423897519,0.37358403151261577,-0.00874159975626174,0.4754020921680292,0.8096256523058852,0.34423706060000353,0.871901913712645,-0.48579558469778517,-0.061560561663815065,0.11738783423544269,0.32940697171797545,-0.9368623929676679
-0.6690739112304326,0.37601962701086367,-0.007708025978512011,0.47633926838342844,0.8094913221708522,0.34325602795293425,0.8704763966776086,-0.4892078505923762,-0.05428187308811278,0.12398283842172476,0.3246528580636125,-0.9376719989036787
-0.6676690919111269,0.3784041539463744,-0.006695302354255783,0.4769835830400102,0.8086389259478817,0.3443686236464787,0.8690219944300103,-0.49252172452944887,-0.04715001657926606,0.13148168962711393,0.3217536919887547,-0.937649789092071
-0.6662972890597904,0.38072692303089706,-0.00570138909733089,0.47729746447257476,0.8071669995479839,0.34737381197890577,0.8675510924151562,-0.49572475141449457,-0.04015062744599215,0.139793535105598,0.3205283227356718,-0.936866779145753
-0.6649608684662847,0.38298426968845484,-0.00472289594465506,0.4772955871994069,0.8052534062922542,0.3517895309623289,0.866070883778276,-0.4988136003962108,-0.033259830596162415,0.14869481064075044,0.3205494403590375,-0.9354880595571593
-0.6636579540785861,0.38518006948389993,-0.003755524362144404,0.4770599800362636,0.8031564709417202,0.3568661634734255,0.8645824408095055,-0.5017945201725582,-0.026447354662988778,0.15783212122909915,0.3211571931457156,-0.9337810657745682
-0.662382617834222,0.38732520272048954,-0.0027946070635477527,0.47674083138197976,0.8011927258568657,0.36167443333371546,0.8630806900220294,-0.5046824814333938,-0.019680331433434888,0.1667630120989558,0.3215366370544382,-0.9320967164556508
-0.6611256395512696,0.389436051032904,-0.0018356696748129714,0.47653267529732096,0.7996806056287161,0.365277344431964,0.8615552886668166,-0.5074991337390112,-0.01292725123107728,0.17504026378012577,0.32086688553891485,-0.9308089749354274
-0.6598757286414385,0.3915322458902172,-0.0008749371393654204,0.47662656288674377,0.7988600320157244,0.3669465476041499,0.8599922643103107,-0.5102698706419506,-0.00616152915046071,0.1823195680040771,0.3185079408160547,-0.9302216223889463
-0.6586210306881815,0.39363399541758454,9.028372270807442e-05,0.477155619245015,0.7988218653747093,0.3663415652395671,0.8583761655421309,-0.5130204227771534,0.0006358008641413695,0.18844859631234714,0.31415549209399624,-0.9304802272671274
-0.6573507004255021,0.3957593769074077,0.0010613955391821958,0.4781593489234026,0.7994848477124737,0.36357614789107157,0.8566923964179253,-0.5157734658047973,0.007474616473114063,0.19349877249445227,0.30789886367096375,-0.9315344946878079
-0.6560563135940691,0.3979219885737002,0.0020385000593109294,0.47958133574114226,0.8006315002380527,0.35915309164102527,0.8549293793909886,-0.5185457279934592,0.014355634220499519,0.19773087432892428,0.30016583550813813,-0.9331682444933607
-0.6547329133617471,0.40012930356060494,0.003020581755058992,0.4812945954013468,0.8019800472490416,0.35381282657908125,0.8530802144912326,-0.5213460101663062,0.02127170250041543,0.20151838645901798,0.29159276653939664,-0.9350743277520001
-0.653379537933767,0.40238196815279015,0.004005852904128452,0.4831367357823348,0.8032559585268553,0.348365841650259,0.8511435735332862,-0.5241743985157379,0.02821023171921448,0.20526449223033566,0.28287994809064787,-0.9369340548820151
-0.6519991472759437,0.40467414855714245,0.004992204590305931,0.48493988675407546,0.8042389408755035,0.3435593576289153,0.8491236785348935,-0.5270227776622983,0.03515637035426715,0.20933772900820868,0.274675659286667,-0.9384726940135876
-0.6505979496230262,0.40699487653740707,0.005977693159929527,0.4865505485936836,0.80478187317741,0.3399922061875017,0.847029349269623,-0.5298765629822525,0.04209643070372905,0.21403234601121685,0.26750133571100776,-0.9394855987474005
-0.6491842128859626,0.4093301964958652,0.006960987096328452,0.4878426660548034,0.8048114119794835,0.3380652663675041,0.8448722474936131,-0.532717395487887,0.049021035889637,0.21954593731525127,0.2617074085542715,-0.9398451009161964
-0.6477667219151749,0.4116657973114044,0.007941705587922327,0.4887300070904114,0.8043226029027206,0.33794693463500847,0.8426645739121079,-0.5355264047217118,0.05592750414029813,0.2259632625957867,0.25744246018407546,-0.9395019870396434
-0.6463530994838722,0.4139897387829876,0.008920596242957279,0.48918237394655184,0.8033759363730297,0.33954043923629135,0.8404165679777374,-0.5382875640633936,0.06282110030251613,0.2332393562170359,0.2546244356526982,-0.9384912356969604
-0.6449482375861435,0.41629486503017976,0.009899522995215094,0.4892457490218208,0.80209872839498,0.34245616795618355,0.8381342039672971,-0.5409906485264888,0.06971495067052887,0.24118385767746187,0.25291648446482473,-0.9369437542786504
-0.6435530798872782,0.4185805373266419,0.010881262769200583,0.48905986705939025,0.8006851162378963,0.3460112585841073,0.8358174609246849,-0.5436333580473628,0.07662861105070833,0.24945865077255758,0.251726273267718,-0.9350958586698378
-0.6421639545082635,0.42085341013480315,0.011869136948196392,0.48885984073501776,0.7993823925894407,0.349290490186198,0.8334594701297167,-0.5462222813204068,0.0835854714661718,0.2576070025593731,0.25025788660322346,-0.9332789628108326
-0.6407725835045093,0.4231271035608364,0.012866527216440713,0.48894698831273153,0.7984513367424875,0.35129233620169426,0.831046722609105,-0.5487725313373067,0.09060934659465289,0.26512673848666396,0.24763717754767392,-0.9318710430288335
-0.6393668020341498,0.42542077564836933,0.013876341665319352,0.4896250455974754,0.7981010398158392,0.35114390920041055,0.8285603693304794,-0.5513060638597963,0.09772071595295317,0.2715787714432203,0.2430974170909579,-0.931208148968369
-0.6379319208747315,0.4277567493074622,0.014900503980686085,0.4911203006634419,0.7984212905311298,0.34831636927203946,0.8259784906500928,-0.5538488710110285,0.10493312662454989,0.27669547025501917,0.23616704026263552,-0.931485236508846
-0.636452576033537,0.4301574815969462,0.015939535248510866,0.4935212173118874,0.7993488111633535,0.34275105565807673,0.8232790718471966,-0.556427400143952,0.11225024822894979,0.280443181271021,0.22678189182731542,-0.9326958752014577
-0.6349148416591921,0.4326422598353188,0.016992285073036486,0.4967657218745814,0.8006890427289239,0.3348445526274327,0.8204433171736,-0.5590646611460148,0.11966397938758092,0.2830133934562204,0.21527601239230423,-0.9346441342098408
-0.6333083455041562,0.43522405585060475,0.018055848291049465,0.500675534508026,0.802181248284388,0.3253140852253457,0.8174588789489622,-0.5617765363632358,0.1271538612045738,0.2847542631333341,0.2022680599912589,-0.9370179515541656
-0.6316281225701461,0.437906958810947,0.019125678634418827,0.5050118773923984,0.803571705655335,0.31501669410172695,0.8143225772452234,-0.5645687874718494,0.1346878777071749,0.2860799606426542,0.1885062282332903,-0.939480525628901
-0.6298759704592243,0.4406845383983859,0.02019588488358515,0.5095240761379183,0.8046645064370163,0.30479541977574703,0.8110422393374538,-0.5674351644236216,0.1422245414336982,0.2873946795719956,0.17473513171657698,-0.9417387811371584
-0.6280611245921771,0.44353937198467586,0.021259672057447408,0.5139767444024803,0.8053402806052926,0.29538946942640987,0.8076373899476373,-0.5703568756326428,0.14971600040455926,0.28904974065374106,0.1616170376326673,-0.9435730923329926
-0.6262001466581568,0.4464438182200491,0.022309873176090934,0.5181563489991359,0.8055500582237872,0.2874075532889466,0.8041386615518137,-0.57330349786317,0.15711178293021782,0.29133316149992855,0.1497070573937887,-0.944834792954276
-0.6243160084570394,0.4493619569773342,0.023339508293125998,0.5218649826729947,0.8052965498590618,0.281343929461445,0.800585952236974,-0.5762352163848529,0.16436273445863364,0.2944810230567193,0.1394648421036421,-0.9454260864163175
-0.6224364476623457,0.4522524658378375,0.02434230769419514,0.524908998121211,0.804612183248486,0.27761444173437944,0.7970255169798498,-0.5791061187749607,0.17142470207179675,0.29869862566538363,0.1312834253266823,-0.9452744539339379
-0.6205917622996578,0.45507208793336595,0.025313144865958807,0.5270871788409875,0.803538386588555,0.2765956745506167,0.7935063155821993,-0.5818681422425038,0.17826158356309024,0.3041822365500859,0.12552101944263674,-0.9443080221227971
-0.6188122855914773,0.45777928050854955,0.02624834026935585,0.5281805220656941,0.8021071334814028,0.2786565673524628,0.7900760370972297,-0.5844752087682172,0.18484746668560464,0.311135327012455,0.12252704498842748,-0.9424340462500581
-0.6171258305359459,0.4603376249437653,0.027145816410837218,0.5279447129639341,0.8003242823544966,0.284174986807758,0.7867772614696827,-0.586887078750494,0.19116772120307912,0.319774797142764,0.12265643020026207,-0.9395208774917312
-0.6155554044479594,0.46271862490753657,0.028005105076287572,0.5261071885078483,0.7981544429949655,0.29353144861796937,0.7836441971916603,-0.5890725070743009,0.19721904983301114,0.33032256721000197,0.126265856574899,-0.9353843782398767
-0.6141174628759198,0.46490360971292605,0.02882722583693677,0.522373241308691,0.7955088576136088,0.3070697872193602,0.7807003517112596,-0.5910113839053119,0.20300863265448424,0.3429769053486933,0.13368321342868786,-0.9297825771893198
-0.6128209020765002,0.4668845796494768,0.02961446855717664,0.5164493636272938,0.792241304657219,0.3250134920337781,0.7779573616154166,-0.5926956710064821,0.20855259547307475,0.357858070074358,0.14513978353712137,-0.9224272572498351
-0.6116668894156806,0.46866396183425263,0.03037012001276517,0.5080947180212018,0.7881619202566591,0.3473334780528521,0.7754150526006766,-0.5941290870998592,0.21387408459693763,0.3749283314438176,0.16065931444900458,-0.9130264678318646
-0.6106495174748161,0.47025337235187403,0.031098175313176483,0.49720720468982404,0.7830816531003842,0.3735881692212708,0.7730626395076187,-0.5953256374802465,0.21900123459983442,0.39390246381819466,0.17991806450801048,-0.9013713657875134
-0.6097571587775356,0.4716715888418992,0.031803069150401944,0.4839295587500165,0.7768918206567138,0.40280427153235454,0.7708808384404554,-0.5963072095847936,0.22396527570705602,0.41419188197423146,0.20213067751801694,-0.8874617028992022
-0.6089743111501515,0.47294201617509907,0.03248945145562239,0.46872072671584303,0.7696538954106427,0.4335132773355338,0.7688445656907938,-0.5971005547611958,0.22879895391283345,0.4349470245382837,0.2260615154843832,-0.871617620899324
-0.6082836712929306,0.47408996903395306,0.03316201899976874,0.4523055933013682,0.7616340760467841,0.464040067744865,0.766925853308759,-0.5977340362822174,0.23353534506879392,0.4552410194555495,0.2502549821165043,-0.854475311598258
-0.6076681619148774,0.4751400957021616,0.033825401296993025,0.435450694723946,0.753213868492401,0.4930025971281946,0.7650966207932492,-0.5982345372177462,0.23820705138727494,0.47435203521771,0.2734671950903458,-0.8367830303574728
-0.6071126644672843,0.47611422824765115,0.03448408822956332,0.4186346032460291,0.7446853716376001,0.5197968509273688,0.7633309997945454,-0.5986248865086439,0.2428456917574884,0.492006965110962,0.2951134400895411,-0.8190465211212472
-0.6066052679724386,0.47702987134739894,0.03514237997953192,0.40179001551033844,0.7360443695102915,0.5447967231439628,0.7616070006857223,-0.5989220811892028,0.2474815491516333,0.5084481880611842,0.31548538282492594,-0.8012174569248405
-0.6061379237997927,0.4778994455055796,0.03580433819261689,0.3842608018511576,0.7269042588087937,0.569169425291225,0.7599074196870557,-0.5991364675343606,0.2521432267085698,0.5242941442217974,0.33562731086144604,-0.7826045991039456
-0.6057064840571548,0.4787302939858423,0.03647372090230238,0.36497061075835946,0.7165549961082573,0.5944286255177869,0.7582199959169909,-0.5992719099190531,0.2568571894528333,0.5402766801133547,0.35696234470076266,-0.7620229611969878
-0.6053101853859428,0.4795253614862384,0.03715389171434399,0.34269766060511203,0.7041050960406531,0.62192791153426,0.7565369243873722,-0.5993268425067646,0.2616471247489014,0.5569651653867405,0.38084557182728834,-0.7380694106689877
-0.6049507098071635,0.4802843705251336,0.0378477043802909,0.31636658449936805,0.6886514854001591,0.6524349131280136,0.7548539022449884,-0.5992959846162358,0.26653312943866836,0.574550059157353,0.4081708643191116,-0.7094284847983421
-0.6046310017446055,0.48100526944139593,0.03855737494348378,0.28533426647527027,0.6694782727896941,0.6858448794279558,0.753168924469871,-0.5991724215334585,0.2715308094611533,0.5927233145304117,0.4390800058488874,-0.6751946540634217
-0.6043540404297932,0.48168570956754,0.039284362770838466,0.24966934364264037,0.6463102351329804,0.7210744058745984,0.7514810493121237,-0.5989497186236155,0.27665044204815814,0.6106893247550694,0.4728026168741494,-0.6352292768025997
-0.6041217581172883,0.4823243285120149,0.040029286939775574,0.21037455622041912,0.6195992264704766,0.7562005981565001,0.7497893251227903,-0.5986237507689894,0.28189638689982804,0.6273424216701532,0.5076873088550217,-0.5905040917729306
-0.6039342592755083,0.4829216662589833,0.04079190426569114,0.16942363924118287,0.5907212043920416,0.7888878812276745,0.7480920154858627,-0.5981939873171965,0.28726693144852905,0.6416026549450786,0.5414909161003255,-0.5432620186873519
-0.6037894401725223,0.48348061156179706,0.041571169320628425,0.12948139045494367,0.5618984799883231,0.8170095885071769,0.7463861890740728,-0.5976640648960366,0.2927547135255523,0.6527957002656625,0.5718983858333211,-0.49677963927269125
-0.6036830409306324,0.48400635614384324,0.04236538576362812,0.09331711452669807,0.5357499364377835,0.839204338491718,0.7446676672694053,-0.5970415925840401,0.2983477870678038,0.6608797027144604,0.5970873824923989,-0.45466985407922345
-0.6036090936096045,0.4845059113298204,0.043172443824002635,0.06312285080104066,0.514598814986174,0.8551044177885968,0.7429312594592073,-0.5963372499362996,0.30403129453522976,0.666384760798974,0.6160924800330199,-0.4199540529887258
-0.603560670504187,0.48498730493415004,0.043990123231076976,0.040013983260667116,0.49983820632487624,0.8651939948020592,0.741171173918673,-0.5955633421797047,0.3097896002188521,0.6701225052896159,0.6288609329173426,-0.3942965317558581
-0.603530795129452,0.48545861715241156,0.04481642698608528,0.023860045764583598,0.49160890935985585,0.8704891604460823,0.7393814775880433,-0.5947320543618805,0.3156086407470795,0.6728638263540654,0.6360931250630762,-0.37767685583267596
-0.6035133597637117,0.4859270280450253,0.045649901713904394,0.013417321034386663,0.4888560936745658,0.8722612539678146,0.7375564911756519,-0.5938536868721876,0.32147818108383414,0.6751521293907922,0.6390285739038231,-0.3685269107046668
-0.6035038996072107,0.48639803530615533,0.046489896924470524,0.006655591196305602,0.48967343620759046,0.871880513016823,0.7356910414274905,-0.5929351531540554,0.32739364031317275,0.6772845743623296,0.6392556843914866,-0.3641946942282524
-0.6035001024951473,0.48687496285590404,0.04733671943093833,0.00117922220376595,0.4917828143506978,0.8707171027057532,0.733780540547185,-0.591978977213461,0.3333571790911149,0.679385551619458,0.6385221640997374,-0.36155873410016376
-0.6035019793380854,0.48735882544236786,0.04819165035032479,-0.005335674225336089,0.49300478074152027,0.8700102394492645,0.7318209125118524,-0.5909829504571277,0.3393778193684846,0.6814761056639336,0.6385024968118712,-0.35763791601859796
-0.6035116764224138,0.4878485514092806,0.04905680932617895,-0.01475608787647306,0.4916203010518326,0.8706846372047043,0.7298084273049417,-0.5899405064994991,0.34547048821252774,0.6834924412934423,0.640530778639731,-0.35008342478602217
-0.603532967641139,0.48834150549844973,0.04993487162121379,-0.028212890533223702,0.48658908032443954,0.8731752972437875,0.7277395295957967,-0.5888417643240628,0.3516540255015057,0.6852730914543844,0.6453653565979052,-0.3374971801834938
-0.6035705140332922,0.48883420563660124,0.050828665571266536,-0.04595980573681902,0.4776411295811799,0.8773520659285237,0.7256107543828276,-0.5876750909348416,0.3579483490934262,0.6865688089191189,0.6530673310058773,-0.3195721073439331
-0.6036290124363928,0.48932309937992735,0.05174069729591735,-0.06738646007757224,0.46526683058170626,0.8826017456127467,0.7234188081428791,-0.5864289589419099,0.3643711077177279,0.6871130132833683,0.6630443819796392,-0.2970654044177615
-0.6037123697404851,0.4898052608948249,0.05267266340603193,-0.09118889758160886,0.45060698372597047,0.8880528876003017,0.7211608623842913,-0.5850938328447943,0.3709342493382529,0.686739831029915,0.6742540715371106,-0.2716060593812903
-0.6038230324090436,0.4902788879743009,0.05362501825555452,-0.11567339773710549,0.43523192603586186,0.8928565593728185,0.7188350617642021,-0.5836638150628651,0.3776409736306655,0.6854894740507755,0.6854996145479408,-0.24534559180921828
-0.6039615741573007,0.4907435168454868,0.05459665865243224,-0.1391248354784735,0.42082748043933793,0.8964086745788253,0.7164411978266955,-0.582137818163404,0.38448351163684696,0.6836346174746695,0.6957153098581562,-0.2205083159865684
-0.6041266025147608,0.49119992365986836,0.05558477586082071,-0.16014200501248377,0.4088546805668598,0.898438861809279,0.7139814506669465,-0.5805200972814267,0.3914420835269065,0.6816047434797564,0.7041550019924122,-0.19894900561440776
-0.604314994206613,0.4916497369781794,0.0565849036860421,-0.17786217396378734,0.4002704999469629,0.8989708415433082,0.7114610644335696,-0.5788200666081565,0.39848523722564855,0.6798442475066827,0.7104582024045734,-0.18182668057283238
-0.6045224177032236,0.4920948361685493,0.057591165289268116,-0.19205463780222035,0.3953672827386077,0.8982203114150491,0.7088888081736506,-0.577051423907964,0.4055715865441416,0.6786690458130524,0.7146302301929865,-0.16944603963952687
-0.6047440566076012,0.4925366482125851,0.0585966939413086,-0.2031138367114014,0.3937367374807759,0.8965021756216596,0.7062770878542975,-0.5752307042296751,0.41265277423456764,0.6781721348657929,0.7169944340574944,-0.16124992099888377
-0.6049754162704727,0.4929754738850276,0.05959417834753359,-0.21199661631772412,0.39432877424305723,0.8941824492092225,0.7036416197555185,-0.5733754655397804,0.4196773123065748,0.6781931182323113,0.7181541570728447,-0.1559124788505597
-0.6052130826250843,0.49340997067694636,0.06057646524669829,-0.22013073101270114,0.3955684070043712,0.8916659108903053,0.7010006440925115,-0.571502363673243,0.4265948256809737,0.6783366113115951,0.7189650086728286,-0.15148847500183538
-0.6054553086923088,0.49383689483552806,0.06153714347435904,-0.22929504657428693,0.3955039690126078,0.8893820282149678,0.6983737383208635,-0.5696253933456287,0.4333601653123878,0.6780102530494933,0.7204883911286234,-0.1455973042629914
-0.6057023297602226,0.4942511627104329,0.06247103588182146,-0.24145239814839323,0.3919746011670624,0.8877255496313667,0.6957803656779092,-0.567754551750747,0.4399368724071934,0.6764543016091366,0.7238858204207559,-0.1356425332565874
-0.6059563494269405,0.494646239290146,0.06337453806678905,-0.2585081520539751,0.3828029804458565,0.8869246943700507,0.6932383497438049,-0.5658951225723949,0.4462995638506272,0.6727511618467298,0.7302222869856433,-0.11908520404874809
-0.6062211896601846,0.4950148080585941,0.06424576393863272,-0.28197280292850824,0.36604331748213575,0.8868503978323024,0.6907624881282762,-0.5640476880502454,0.452434957314315,0.6658367092639709,0.7401773404609503,-0.09380288516181615
-0.6065016511936793,0.4953496298658213,0.0650844846847939,-0.31253762235537214,0.340332995767766,0.8868447928494526,0.6883635030674342,-0.5622088675051353,0.4583414414422109,0.6545807224912609,0.753720532618245,-0.058561390458972254
-0.6068026776736042,0.49564446673049134,0.06589187601628156,-0.34965188134073194,0.3053666395707665,0.8857170977869537,0.6860474770417023,-0.5603726687788877,0.46402729588930636,0.6380301098847937,0.7698919973105869,-0.013560654759762288
-0.6071284503301589,0.4958949341297824,0.06667011475806456,-0.3913119522019624,0.26238226665232317,0.8820603733363597,0.6838158473070046,-0.5585322420202904,0.4695078504089053,0.6158496919181599,0.7868908950865913,0.03913919000350799
-0.6074815539130586,0.4960991539232717,0.06742188631230267,-0.43432444737140957,0.2143592565661365,0.8748784964438965,0.6816659478859343,-0.5566817590199882,0.47480201628382157,0.5888071075558535,0.8025930028967516,0.09565909153282097
-0.6078623466327268,0.49625810790321007,0.06814987637143764,-0.4751055591415643,0.16560195468458386,0.8642052419867785,0.6795920050663904,-0.5548181170434714,0.47992870684111,0.5589538570603345,0.8153237698025135,0.1510554072927985
-0.6082686379790588,0.4963756346086668,0.06885632169802511,-0.5106675536064293,0.12073128351227164,0.8512594239567066,0.677586425065668,-0.5529421882766355,0.48490367392975425,0.529240291607085,0.8244264027827622,0.2005637557843454
-0.6086957331001157,0.49645806307496265,0.06954268541314544,-0.5392449945385941,0.08358301511451592,0.8379908802901367,0.6756411696374137,-0.5510594015560867,0.4897372212193342,0.5027164665654578,0.8302694836864801,0.24068389788875977
-0.6091368480580818,0.4965135291923386,0.07020950319074121,-0.5603124885678705,0.0565637813984451,0.8263476591536936,0.6737490031493257,-0.5491795421832615,0.49443312106155796,0.48178023611411214,0.8337879641019605,0.2696023646197083
-0.6095838451515818,0.4965510658563602,0.07085642068093427,-0.5742031276827515,0.040591872463731284,0.817705978973637,0.6719044155898789,-0.5473157734877063,0.49898887803474845,0.4677982732654851,0.8359412323730909,0.2869965706213031
-0.6100281898487174,0.49657959054156586,0.0714824131907093,-0.581691600145258,0.035357906654185776,0.812640572921069,0.6701040784666213,-0.5454830029866478,0.5033972759909107,0.4610806939602326,0.837375729221777,0.29360940340433167
-0.6104619975619103,0.4966069285228626,0.07208615054104162,-0.583763733143274,0.03959060899663222,0.8109577594091472,0.6683467681770653,-0.5436958189996651,0.507648947472124,0.46101247416301044,0.8383480423317986,0.2909296454205734
-0.6108790241081331,0.49663900441530057,0.07266644737490277,-0.5816073771205282,0.05118040731337485,0.8118580077736605,0.6666327826955644,-0.541966295195499,0.511735544893682,0.4661905103222798,0.838840330920791,0.28109305808957663
-0.6112754601312891,0.49667930968348634,0.07322272544927089,-0.5767459436251191,0.06719734031415628,0.814155165780255,0.6649629669753367,-0.540301989763269,0.515652996121626,0.4745401659115152,0.8387838084468225,0.26693323814039327
-0.6116504161029915,0.49672871298642846,0.07375541165916899,-0.5711681381198694,0.0839619860057492,0.8165276130680775,0.663337533773439,-0.5387044474296402,0.5194043074589367,0.48347727380307487,0.8383006043332525,0.251995679507507
-0.6120060271876031,0.49678562990725267,0.07426620410895275,-0.5672617868709701,0.09736640803977076,0.8177614858510928,0.6617549056793346,-0.5371684477894023,0.5230014373869911,0.4901984393745953,0.8378364048458129,0.24028243537502772
-0.6123471603998814,0.4968465165529892,0.07475815722648983,-0.5673924006879909,0.10356195173725788,0.8169092885956727,0.660210803116596,-0.5356821406747796,0.5264658959611962,0.49212555216088694,0.8380450860869334,0.2355692564743681
-0.612680762614042,0.49690660570179557,0.07523556308725843,-0.573161723832425,0.09992533411952699,0.8133268506169852,0.6586977623666732,-0.534228082965259,0.5298279090652005,0.48744527506847396,0.8394136542684811,0.240378494963785
-0.613014938947259,0.49696077147225665,0.07570363615820555,-0.5846948507429182,0.08596220012869486,0.8066860799987509,0.6572051955629074,-0.5327850599585773,0.5331241982972222,0.47561882052735993,0.8418732565142863,0.2550218765639404
-0.6133578892272747,0.4970043934652354,0.07616803841278219,-0.6004722947710619,0.06365653303242744,0.7971078151760065,0.6557200149086324,-0.5313304581494044,0.5363946367097334,0.4576726835420683,0.8447696668589821,0.2773083566976774
-0.6137168498710721,0.4970340956486402,0.07663430695514305,-0.6179478986707608,0.03691414277349677,0.7853519851580494,0.6542277516588728,-0.5298428729182214,0.539678217993965,0.43603491085894486,0.8472920842785346,0.30326503331437454
-0.6140971866310246,0.49704825760741866,0.07710726309847755,-0.63458784713006,0.010265700930644637,0.7727825565184803,0.6527140206311816,-0.5283045969490705,0.5430088950597011,0.41383894397013077,0.848992855227229,0.32855510987778647
-0.6145017608019637,0.4970472322907459,0.0775904874192859,-0.6486512001032428,-0.012472283365048251,0.7609836152981776,0.6511661235387117,-0.5267036485689037,0.5464118832344078,0.393997842836976,0.8499574746608602,0.3497684821534709
-0.6149306514018286,0.49703324934554294,0.07808593830523408,-0.6593662972888217,-0.028923917230012607,0.7512652614168317,0.6495745557237599,-0.5250350610878788,0.5499009739805224,0.3785353121650716,0.8505889675045867,0.36497866486080127
-0.6153812648215193,0.497010029848812,0.07859377246579896,-0.6666809455206055,-0.038173515506115974,0.7443650311464501,0.6479341841986621,-0.5233012550715898,0.5534772708859083,0.36839898184789444,0.8512922994802686,0.37360890115069734
-0.6158488090960678,0.49698217997349536,0.0791123973104752,-0.6709306245990124,-0.04041477729091406,0.7404179513975232,0.6462449010706457,-0.5215114407743292,0.5571295585244735,0.3636201655785477,0.8522866084352196,0.3760158404464105
-0.6163270599538291,0.49695446185117875,0.0796387512554102,-0.6726214612128044,-0.03657680250195031,0.739082206141296,0.6445116235223444,-0.5196801306247525,0.5608362764465508,0.3635727397104243,0.8535775883612301,0.3731221831878703
-0.6168093068244627,0.4969310552170112,0.08016877416708605,-0.6723547971027418,-0.028083571742293645,0.7396961131512902,0.6427436037524883,-0.5178249642358376,0.5645688321625787,0.3671780040364542,0.8550255080477711,0.3662126348714045
-0.6172893439662631,0.4969149211858031,0.0806980016604766,-0.6708447457962987,-0.016746480368684882,0.7414087148346455,0.6409531187574173,-0.5159641448606365,0.5682957863413843,0.37302335931230896,0.8564464703724882,0.3568655444195567
-0.6177623675947197,0.49690736025381127,0.08122219832693353,-0.6689647948994513,-0.004717061535208364,0.7432791215388794,0.6391537145303098,-0.51411384335414,0.5719873121615042,0.379431986510418,0.8577089864296095,0.34693898917626736
-0.6182256547948556,0.49690782361197977,0.08173793900407768,-0.667757547882456,0.005594388283690606,0.7443578172261919,0.6373582631217906,-0.5122859346463924,0.5756192887611103,0.3845442779139797,0.8587967303053753,0.33851716993442516
-0.6186789321071293,0.49691399561682115,0.082243054686857,-0.6683441402073965,0.011722006733212298,0.7437598435036558,0.6355771361049977,-0.510486389360262,0.5791764414567399,0.3864683872078086,0.8598059320777391,0.333730347515664
-0.6191243866999588,0.49692212264675956,0.08273687934944059,-0.6716985132670471,0.011516336961409803,0.7407350951978917,0.6338167924129665,-0.5087145533610636,0.5826540799256383,0.3835327638288243,0.8608582213010716,0.3344035614167087
-0.619566324727358,0.4969275265278783,0.08322026285403611,-0.6783308401364614,0.003641574243951325,0.7347475826818269,0.6320790202248048,-0.5069634219204813,0.58605818911293,0.3746243231711112,0.8619598759639,0.34158716122958277
-0.6200105323265052,0.4969252150511215,0.083695349166495,-0.6880332873820025,-0.011973923473092576,0.7255803336715896,0.630360970533436,-0.5052208704693474,0.5894038673696834,0.3595208509703707,0.8629070037952268,0.35515667038461374
-0.6204634371088555,0.49691049150228844,0.08416515358456582,-0.6998825892380683,-0.033995322357664504,0.7134484419628484,0.6286559921347696,-0.5034716622354997,0.5927123491870835,0.33905162561837926,0.8633426917415943,0.37374241367807465
-0.6209311954780483,0.4968794706242674,0.08463300283737377,-0.7125650133596824,-0.06003109751018021,0.6990331673586304,0.6269551464175142,-0.5016999363629283,0.596007062235027,0.3149259375096142,0.8629562220559959,0.3951306273861009
-0.621418839568608,0.496829428436132,0.08510192337486834,-0.7248519683134289,-0.08738037923087698,0.6833405398171661,0.6252491672566466,-0.4998918066499812,0.5993093195413264,0.2892284613882567,0.8616686433715027,0.41698206934267074
-0.6219296060570619,0.4967589440737452,0.08557407252107038,-0.7359459622078409,-0.11381339727954906,0.667405462451172,0.623530553666172,-0.49803768211109495,0.6026343135286646,0.2638052110075389,0.8596539872513217,0.4374949517973578
-0.6224645397781785,0.49666782805670545,0.08605030251003998,-0.7455548133620791,-0.13803232243369754,0.6519931734582772,0.6217954513120159,-0.4961339587452348,0.6059880458453518,0.23983001688763173,0.8572036939627252,0.4557229312381996
-0.6230224228626366,0.4965568672491198,0.08652992885185103,-0.7537627405398832,-0.159722901943777,0.6374404486447839,0.6200449977388074,-0.4941838212114436,0.6093656961397959,0.2176830993735783,0.8545589186519057,0.47153273778137444
-0.6236000315298829,0.49642744656323207,0.08701074431942199,-0.7608443633270768,-0.17933800383158413,0.6236615549920628,0.6182858738520657,-0.49219702066001225,0.6127517205593104,0.19707468885780832,0.851809822222725,0.48536748322944717
-0.6241926747789893,0.49628112640078087,0.0874892824960334,-0.7671142257820356,-0.19779422675979383,0.6102566742472575,0.6165299143771212,-0.4901886432345435,0.6161217077185458,0.17727557440597447,0.8488772219257463,0.4979767392305179
-0.6247949286262613,0.49611925983540356,0.08796129606333382,-0.7728307831134945,-0.21618165050461138,0.5966557421640095,0.61479277088916,-0.4881770329287308,0.6194457469248859,0.15736082592123238,0.8455463786842227,0.5101851545854552
-0.6254014516817223,0.4959427237228175,0.08842238098549049,-0.7781401192388198,-0.23550272727830346,0.5822683404371873,0.61309177491409,-0.4861811623962936,0.6226928238414825,0.13644204030901524,0.8415261985080854,0.5227018527428839
-0.6260077565258776,0.495751814896505,0.08886865381267296,-0.7830477029285614,-0.25642167039366337,0.5666429403873544,0.6114432925766315,-0.4842178373050717,0.6258355902300915,0.11390081167994709,0.8365291465263616,0.5359529756522736
-0.6266108183029068,0.495546330344361,0.0892973791083921,-0.7874246568765554,-0.2790225970892947,0.5496442486339542,0.6098599708178049,-0.4822991588003351,0.6288547824534656,0.08962826416340894,0.8303817867306786,0.5499389625485905
-0.6272094265947413,0.4953258144864381,0.08970744889034263,-0.7910670337668301,-0.30262754085710997,0.5316291184671201,0.608348325305717,-0.4804306455652402,0.6317425978193143,0.06422821175369674,0.8231664268643037,0.5641558033897882
-0.6278042258471779,0.4950899238023696,0.09009963513031341,-0.7938113062746305,-0.3257783797705413,0.5135484955723715,0.6069070973158545,-0.4786103313652514,0.6345044727486863,0.03908177654879044,0.8153530511284821,0.5776435031723852
-0.6283974378388504,0.49483883496271003,0.09047656711813028,-0.7956608820742619,-0.3464763940255907,0.49686806007211903,0.6055267098442005,-0.47682901551700496,0.6371589233671152,0.016160581736566842,0.8078293126299068,0.5891949059978608
-0.6289923095974876,0.49457361151004225,0.09084242388504059,-0.7968365980814104,-0.3626571932376483,0.48325065561366376,0.6041899955909248,-0.4750716719396191,0.6397353794721167,-0.0024259402058793567,0.8017397749354127,0.5976683428964857
-0.6295923738507723,0.4942964478378672,0.09120237309457879,-0.7976953755421033,-0.3727232995159585,0.47408799798843243,0.6028741768421795,-0.4733198438914064,0.6422702330604144,-0.014993823248487081,0.7981514062986745,0.6022703030100698
-0.6302006395093722,0.4940107269987183,0.09156182655601212,-0.7985636167117146,-0.3759115509765525,0.4700921780956459,0.6015538813957524,-0.47155469488030577,0.6448015954648739,-0.020714194215845666,0.7977008684831327,0.6026974751724484
-0.6308188420636998,0.4937208577944672,0.09192561339162418,-0.799602358702661,-0.37239044868133575,0.47112781884330973,0.6002048102474363,-0.4697602766561073,0.6473634745889025,-0.019754840241848315,0.8004065443303738,0.5991319638277768
-0.6314468765558978,0.4934318921579214,0.09229718991350429,-0.8007848497985075,-0.36314319915716886,0.4763093965471168,0.5988075558911331,-0.46792652923300393,0.6499802106584802,-0.013158090320012139,0.8057119709585128,0.5921613669543793
-0.6320825106573007,0.4931489606924835,0.09267800668546235,-0.8019757123208683,-0.34976431286194964,0.48425187897998306,0.5973510197121097,-0.46605155113892544,0.6526620189117062,-0.002591543235185373,0.8126874412276897,0.5826940936498762
-0.6327214366312182,0.49287659688052177,0.09306713647783237,-0.8030460192289357,-0.33427462530021596,0.49333311857299816,0.5958348992291522,-0.4641427655720159,0.6554023695622,0.009892616496460534,0.8202633528614824,0.5719004879271333
-0.6333576743606748,0.49261804375656565,0.09346123321027176,-0.8039636993675713,-0.31900484168247306,0.5018747663335442,0.594270810117573,-0.4622167470177981,0.6581776986638854,0.02201304934380111,0.827400501425655,0.5611807515401452
-0.6339842893020423,0.4923746465521847,0.0938548459870657,-0.8048277974666697,-0.3065511390474021,0.5082111919012504,0.5926817675684602,-0.4602976457755951,0.6609496196272229,0.031313556439282436,0.833158134115118,0.5521476113694046
-0.6345943449337184,0.4921454283220807,0.09424106094835125,-0.8058321645670837,-0.29976735146160133,0.5106604131385409,0.5910999637738733,-0.45841433535472975,0.6636694432982484,0.03514762261736463,0.8366575357570017,0.5465974867170255
-0.6351819740715714,0.4919269225139373,0.09461239504541287,-0.8071397351037802,-0.3017070792122104,0.5074428897618297,0.5895630218752244,-0.4565965893522315,0.666284472150795,0.03067395073922613,0.8369542358726354,0.5464125875205481
-0.6357434316564188,0.4917132993431532,0.09496182759064335,-0.808642058402342,-0.31534696713201804,0.49664304254007335,0.5881091504715741,-0.4548707487214164,0.6687452647228401,0.015021601593239259,0.832855865248157,0.5532860554968991
-0.6362779867173936,0.4914967770759513,0.09528383300659714,-0.8096293579106858,-0.34283391406075153,0.47640865879926647,0.5867718277901237,-0.4532554453528554,0.671012908497163,-0.01411116299135326,0.8228149297550269,0.5681341975724237
-0.6367885251707568,0.4912682625579178,0.09557527410291532,-0.8085999899232749,-0.3840858649053885,0.4456950803811498,0.585574770558643,-0.45175798363036834,0.6730653105839107,-0.05716856112647209,0.8052283977891639,0.5902024932280656
-0.637281767632218,0.49101812606685813,0.09583602904059492,-0.8037399566939836,-0.4352356356037863,0.405674775545783,0.5845279578210458,-0.450371934457438,0.6749016129619358,-0.11103669906436747,0.7795736412640139,0.616389316347433
-0.6377680541636612,0.4907369913887045,0.09606925440644717,-0.7943616479404207,-0.48856565493847154,0.36096145652399136,0.5836253714781415,-0.4490763640911395,0.676544045115825,-0.16843692602389995,0.7480869067355908,0.641868352485457
-0.6382607043140267,0.49041641779471135,0.09628122797187169,-0.7821762709975074,-0.5353287519158235,0.31878426633176316,0.5828448950420257,-0.4478369162075366,0.6780368167033217,-0.22020924006926837,0.7161460911392104,0.662301039357591
-0.6387750170669646,0.4900493674071772,0.0964807638390487,-0.770559457286513,-0.5697374612386171,0.2857225018224676,0.5821505154648635,-0.4466087185895875,0.6794419988665409,-0.25949739908197095,0.6898839596201252,0.6758115285555211
-0.6393270219269391,0.48963038639397327,0.09667824554237402,-0.7622803025852792,-0.5906382696456781,0.2647171598526513,0.5814966506960502,-0.445340834975132,0.680832715087141,-0.28423649575621274,0.6729175099026709,0.682928722010297
-0.639932121606174,0.48915547553990624,0.09688437424812792,-0.758102482757153,-0.6003284879594899,0.2547279572047665,0.5808341308607067,-0.44398176915680715,0.6822843256910415,-0.2965001485070914,0.6651961328816223,0.6852749570315612
-0.64060377452218,0.4886216774110904,0.09710877329130638,-0.7570937321092254,-0.602612022404951,0.252324852628391,0.580117136094681,-0.4424853855176364,0.6838646006430031,-0.3004549703536799,0.6641275736304909,0.6845884725391207
-0.6413523520781241,0.4880264559331966,0.09735861985158045,-0.757625660653027,-0.6014779536355046,0.25343170600875903,0.5793102629929278,-0.4408165552337891,0.6856240834618345,-0.3006708790540391,0.6662619874510792,0.6824162853908233
-0.6421842760913682,0.48736698320951743,0.09763748294687145,-0.7581124573416723,-0.6004610599272329,0.25438556864420403,0.5783948590260357,-0.43895586989941604,0.6875879080765595,-0.3012057255027255,0.6684042637445629,0.6800815033012336
-0.6431015027770036,0.4866394727886342,0.09794452981983634,-0.7572758120629299,-0.6023772733042103,0.2523389884084797,0.5773738217570982,-0.43690286993352234,0.6897502099988475,-0.30524222252832567,0.6680250765131777,0.6786528440488047
-0.6441013785463451,0.48583870476136404,0.09827422019952126,-0.7541082530139033,-0.6092245077070658,0.24528807950123097,0.5762741947068688,-0.43467739344954237,0.6920719732360658,-0.3150060241507606,0.6632503771827007,0.6788741723734494
-0.6451768549720208,0.4849578737348569,0.09861654511845674,-0.7477463135091882,-0.6221460434007776,0.23196928959277424,0.5751470942302609,-0.4323188436677315,0.694482712101808,-0.3317849765012079,0.652713350629932,0.6810903106619124
-0.6463170185138679,0.4839888551999462,0.09895779400464565,-0.7373903208418564,-0.641412874964887,0.21176647175136684,0.5740647647549396,-0.4298833859322376,0.6968858732721527,-0.3559566835945062,0.6354445674712419,0.6852043790546636
-0.6475078658767919,0.4829229307710231,0.09928176335054363,-0.7223336039000432,-0.6664288860203263,0.1846800058330148,0.5731148732399021,-0.4274393082139667,0.6991673475390399,-0.38700582262801353,0.6108749280100414,0.6906940824856844
-0.6487332383157245,0.48175194327438425,0.09957126459240413,-0.7021056036159541,-0.6958044856295307,0.15134014387762723,0.5723924961645311,-0.42506099742763065,0.7012060886789026,-0.42357354934605357,0.5789466868750975,0.6967109745444909
-0.6499758184072509,0.48046977749817066,0.09980975646528766,-0.6766765863468284,-0.7275576252304293,0.1129986701650139,0.5719905849750052,-0.42282217478095985,0.7028856089104762,-0.4636114409610228,0.5402604098789369,0.7022699775211008
-0.6512180922221105,0.47907399345995694,0.09998292090098937,-0.6466213902111184,-0.7594601545723069,0.07142164474757179,0.5719899650475837,-0.420789164255751,0.7041050767675306,-0.504686296233913,0.4961418676769315,0.7064948616456749
-0.6524431901087655,0.47756738921314223,0.10008001857100952,-0.613132258194845,-0.7894606049695142,0.028649383275363843,0.5724500715932946,-0.41901500435633454,0.7047888631761237,-0.5443985208408659,0.44852912873684003,0.7088383956734063
-0.653635540981905,0.4759592505932204,0.10009489352677066,-0.5778364593418276,-0.8160437487992946,-0.013327651739689625,0.5734016091074517,-0.4175351293623827,0.7048936163857092,-0.5807887920133141,0.3996711345518129,0.7091878194651838
-0.654781306347116,0.4742660623047161,0.10002653813182416,-0.5424818095540359,-0.8384023919376061,-0.052866960346508694,0.5748421228008184,-0.41636513960449184,0.704412240364959,-0.6125928665572489,0.35174067111358176,0.7078195251105609
-0.6558685968378628,0.4725115081908759,0.09987917347885836,-0.5086201504122517,-0.8563944985004637,-0.08884821626098022,0.5767351112688351,-0.41550087710578043,0.7033744611187212,-0.6392825306735225,0.3065085383190266,0.7052448949926479
-0.6568875093332944,0.47072567137303667,0.09966184374385686,-0.4773972184295785,-0.8703585840280447,-0.12069727024418683,0.5790128442693396,-0.4149206766451176,0.7018439700271616,-0.6609357170003984,0.2651730893229076,0.7020307761716109
-0.657830049812952,0.4689434447464447,0.09938756500861222,-0.4494808356554804,-0.8808934766453772,-0.1483026000516215,0.5815825555744298,-0.41458934126384267,0.6999124296381142,-0.6780329707543483,0.22834701862304266,0.69866224290139
-0.6586900203626127,0.4672022639278731,0.09907211005031288,-0.425093805987507,-0.8886780243481487,-0.17189131784859585,0.58433524147579,-0.414463160623019,0.6976909158472737,-0.6912652035799908,0.19614193209777606,0.6954716103425541
-0.6594629453934793,0.465539363463195,0.09873254880215322,-0.40409511081034616,-0.8943572801228947,-0.19191716158372144,0.5871559806032018,-0.41449519396503504,0.6952996394517836,-0.7013950355263902,0.16828187564638913,0.6926227071558274
-0.6601460929935885,0.46398882130620683,0.09838569516980847,-0.38606314273333253,-0.8984877899695957,-0.20898550451745246,0.5899345427651149,-0.4146400865665071,0.6928570082380882,-0.7091773297810474,0.14419878601317063,0.6901262384788389
-0.6607386166005008,0.4625786892448165,0.09804662811879845,-0.37035621224701754,-0.9015218768070633,-0.2238181889130379,0.5925750820488619,-0.4148578542958657,0.6904692121042144,-0.7153258335785353,0.12309048040892837,0.6878645836557314
-0.6612418063574191,0.46132850579140805,0.09772745213359503,-0.35614726402655406,-0.9038106282669335,-0.23724559966020606,0.5950038896378586,-0.4151163049698945,0.6882214938985564,-0.7205064174885734,0.10394614749894981,0.6856133755827027
-0.6616594057349501,0.46024745468455563,0.0974364359962977,-0.34245636296681226,-0.905608358811211,-0.25019420439891843,0.5971744709708477,-0.41539200967246437,0.6861720844809699,-0.725331848662549,0.08557440476881294,0.6830598294177698
-0.6619979234521886,0.45933337089463067,0.09717762099451918,-0.32825709705742473,-0.907064178402073,-0.2635941093636288,0.5990695589651072,-0.41566994422706305,0.6843494436233745,-0.730317014557914,0.06673135489440334,0.6798411465343747
-0.6622668575519483,0.4585727130191898,0.09695092700908745,-0.3128416799093541,-0.908197694047706,-0.2780414210831233,0.6007000334456923,-0.41594206460241273,0.6827530071062495,-0.735723829388336,0.04657410676236226,0.6756783994249416
-0.662478749454957,0.4579415237982466,0.09675271800483252,-0.2967460933437145,-0.9089049063478505,-0.2929737655525637,0.6021010503205009,-0.41620515781244977,0.6813571690481163,-0.7412260662498271,0.025790266131210583,0.670759853363846
-0.6626490006689535,0.45740729829546645,0.09657672880425441,-0.28319596816367626,-0.909116788694465,-0.3054614675040067,0.6033259658894777,-0.4164583358164247,0.680117808480665,-0.745518492392621,0.008313786314167517,0.6664330862567942
-0.6627954117605159,0.4569315826521706,0.09641521235756874,-0.2783161847171394,-0.909042556449559,-0.31013179760892823,0.6044388514407119,-0.41670053247902783,0.6789803687152728,-0.7464541353583143,0.001515518176687436,0.6654351411002635
-0.6629374391860239,0.45647304657646237,0.09626014677982024,-0.28717327287744004,-0.9088663744429046,-0.30247880049991765,0.6055065134681854,-0.4169283352952338,0.6778883576043677,-0.742221916607467,0.0115185344100148,0.6700551841994686
-0.6630952063774462,0.4559907205296385,0.09610434524053889,-0.3084809664674346,-0.908091981380638,-0.2832109579085959,0.6065909517803397,-0.4171344363657343,0.6767911636657666,-0.7327256720939556,0.03698398775183848,0.6795184133667261
-0.6632883455795191,0.45544707185677935,0.09594233626192761,-0.33584733769073427,-0.9060333339356427,-0.2575075990403197,0.6077430960269411,-0.4173069154182201,0.6756502553656876,-0.7196213552957098,0.07041687398340285,0.6907869200128005
-0.6635347799118576,0.4548106161910255,0.09577092134146632,-0.3634374614244124,-0.9026526075364529,-0.23050267187393142,0.6089984687605929,-0.4174294659779391,0.6744431080384954,-0.7050064373327608,0.10474211684425186,0.7014235612512265
-0.6638495746340649,0.45405781891174984,0.09558936431729273,-0.3884527060623384,-0.8983891845559996,-0.20494235342079167,0.6103751539894209,-0.4174825468422311,0.6731645374457235,-0.6903235955298329,0.13640086566782358,0.7105266619204603
-0.6642439878501473,0.4531741282455795,0.09539921610464643,-0.4102593815293233,-0.8936936540928544,-0.18165597293053298,0.6118741417689406,-0.4174453000163337,0.6718254655256791,-0.6762375873180225,0.16447210744814308,0.7180888882094377
-0.6647248321859589,0.452154084632727,0.09520382384285413,-0.42908104114765666,-0.888869769515234,-0.16062376215734037,0.6134818160319979,-0.41729794876862886,0.6704494636820711,-0.662970226726453,0.1891373966074142,0.7243600787445739
-0.6652942224916766,0.45100055629396396,0.09500761058728813,-0.4452921282103201,-0.8841120830814962,-0.14163595978148116,0.6151740968511731,-0.4170243037109613,0.6690676801921696,-0.6505964579655094,0.21079979758929127,0.7295804919397497
-0.6659497362080298,0.4497232452274986,0.09481523680903363,-0.4591665821205454,-0.8795736943622018,-0.1245639034783537,0.6169215720407656,-0.41661398202334515,0.6677129352748846,-0.6391977970976485,0.22974530717444558,0.7339232044409232
-0.6666849609086976,0.44833668043412983,0.09463076541506694,-0.47082612725363626,-0.8754121794579866,-0.10943616382147463,0.6186948741805834,-0.4160639917745504,0.6664138409511757,-0.6289192400920932,0.24605745427692982,0.7375068261628097
-0.6674903563423276,0.4468579589700124,0.09445694640638588,-0.4802569909547221,-0.871810523711628,-0.09643460677979179,0.620469580071733,-0.41537943959693485,0.6651897634252526,-0.6199763889413241,0.25962729422345515,0.7404207893147541
-0.6683543231908539,0.44530450729943105,0.0942947161998857,-0.48734789372970794,-0.8689769078056703,-0.08585548426112789,0.6222300194841304,-0.4145732624731954,0.664047297182294,-0.6126351551535347,0.2702001919740754,0.7427449245381468
-0.6692643520403526,0.4436921157720549,0.09414297289940092,-0.4919376458468771,-0.8671250485480633,-0.07804807991969707,0.623971558771174,-0.41366503422563516,0.6629786823901471,-0.6071711838051139,0.2774443901750829,0.7445587712981918
-0.6702081247817211,0.4420334513701083,0.09399864742037427,-0.4938716800810494,-0.8664369025704051,-0.07333387674277113,0.6257011470947409,-0.4126790281251861,0.6619623057772831,-0.6038119228188915,0.28103934530569596,0.745941048777917
-0.6711744551003137,0.4403371842978911,0.09385704775134655,-0.4930667451908498,-0.8670143155533063,-0.07191217847161502,0.6274361507456491,-0.4116418106299236,0.6609651250094827,-0.6026682848171,0.28077962242112453,0.7469630125439047
-0.6721539813738023,0.4386077808956155,0.09371241633717757,-0.48957709349101985,-0.8688340296556478,-0.0737678686232288,0.6292017259842694,-0.41057968920394705,0.6599465939237862,-0.6036716471288855,0.2766798650525893,0.7476822819401162
-0.6731395599279484,0.4368459287911558,0.09355861400468574,-0.4836471298699022,-0.8717260581947185,-0.07860746295934175,0.6310271658745651,-0.4095163392245593,0.6588634789062374,-0.6065395038222331,0.2690539859812773,0.7481442260224068
-0.6741263449088941,0.4350494809209966,0.09338983128457284,-0.47572975717793237,-0.8753916892915647,-0.08585213133455735,0.6329417783912105,-0.4084708960299167,0.6576748682012176,-0.6107912108915757,0.25853610466582344,0.7483937327916537
-0.6751115789425,0.43321474320509845,0.09320123012691454,-0.46645343287184815,-0.8794614807726039,-0.09470321430303684,0.6349708953434249,-0.40745672559756424,0.656346691034609,-0.6158190944009758,0.24602138240927213,0.7484920322679411
-0.6760941523883881,0.4313378942419483,0.09298943424838946,-0.4565375969740701,-0.883573153565065,-0.10426842690012976,0.6371325686032893,-0.4064809901453399,0.6548551707633061,-0.6209955817669853,0.23253319537122014,0.7485270873364126
-0.6770740146874106,0.42941631885241793,0.09275281141887796,-0.4466788750811319,-0.8874390058988084,-0.11371012868513136,0.6394353887703089,-0.40554501403584453,0.6531888128089997,-0.625779806437071,0.2190553637782052,0.748608296411134
-0.6780515358557242,0.42744966073050794,0.09249152178141755,-0.4374443525443155,-0.8908806067925761,-0.12236904374871867,0.6418776813798279,-0.4046453442363024,0.6513487449395604,-0.629790028956906,0.20638287193654428,0.748846198893794
-0.6790269174516727,0.42544044856090196,0.09220733853903766,-0.4292030386032432,-0.8938278512576615,-0.12983267681849014,0.6444481262054469,-0.4037753038068504,0.6493474545002653,-0.6328280685020469,0.19503147528488177,0.7493272712000888
-0.6799997398863966,0.4233942168760264,0.09190327706425178,-0.422107063837801,-0.8962949998066584,-0.13594447388479095,0.6471276393327021,-0.40292677188358206,0.6472061765088155,-0.6348633278666477,0.18521687239843473,0.7500955039920099
-0.6809687084349894,0.4213191176409976,0.09158309225658275,-0.4161144716599159,-0.8983499335020123,-0.14076982436630028,0.6498921865317757,-0.4020919011398093,0.6449513539195972,-0.6359944122082657,0.1768883829274917,0.751146861555821
-0.6819316274493501,0.41922509057311436,0.09125071906728781,-0.41103616084208844,-0.9000874081579525,-0.14454041703169412,0.6527160834597581,-0.4012645083355789,0.6426106976569566,-0.636404736683466,0.169792379174404,0.752435750812748
-0.6828855962217353,0.41712272005355655,0.0909097357461261,-0.40659110350308136,-0.9016096817014777,-0.14759287386017866,0.6555752958658702,-0.40044094080246767,0.64020940666286,-0.6363212286279031,0.16354520717952456,0.7538887578456668
-0.6838273862723259,0.41502194687281646,0.09056292299182621,-0.4024607754424345,-0.9030130721241256,-0.15030873495317285,0.6584502820301613,-0.399620318596433,0.6377670633227199,-0.6359784197004448,0.15770539793499266,0.7554207153219261
-0.684753933463633,0.4129308195229973,0.09021197572998538,-0.39834010335711445,-0.9043776229584144,-0.15305645085892722,0.6613280106374303,-0.39880416024003834,0.6352956037322915,-0.6355866773334559,0.1518431982912815,0.7569499446653604
-0.6856628627386123,0.41085446100013845,0.0898574001352233,-0.3939850657982653,-0.9057581436886998,-0.15613440706499396,0.6642029231901655,-0.3979955001676119,0.6327985925015726,-0.6353032699062523,0.14560826552064957,0.7584114900622826
-0.6865529600356876,0.40879439491393244,0.08949860042460739,-0.389255678474082,-0.9071771784351772,-0.159717199142962,0.6670767696344317,-0.3971976821564849,0.6302718339761084,-0.6352075252937208,0.13879325709812776,0.7597682749327719
-0.6874245148304516,0.4067483237770143,0.0891341321806646,-0.38414854563086,-0.9086225707653302,-0.16381367093590687,0.6699574065415204,-0.396413055155547,0.6277051562018631,-0.6352849504827383,0.13138384070367126,0.7610199196421189
-0.6882794760727926,0.4047103896552563,0.08876207568821817,-0.3788084527673084,-0.910052656130687,-0.1682507627962488,0.6728567876073362,-0.3956418027289089,0.625085040057875,-0.6354273361154479,0.12357882910474671,0.7622075658994243
-0.6891213912207275,0.4026718814376184,0.08838046729300782,-0.37350820465641993,-0.9114096413315222,-0.17269651630036975,0.6757884784573186,-0.3948811073651785,0.6223976569930134,-0.6354538169203807,0.1157643154603163,0.7634114682314668
-0.689955129067046,0.4006222928249597,0.08798772102326673,-0.3685937534803579,-0.9126373430347621,-0.17672499821392243,0.6787650792105613,-0.39412479285507973,0.6196318381920193,-0.6351508577806868,0.10843766760397082,0.764738295173629
-0.6907864181001344,0.398550588945888,0.08758297698009826,-0.3644059845186434,-0.9136964292554516,-0.1799086257321639,0.6817959334383682,-0.3933635110547079,0.6167815280288611,-0.634320568477723,0.10209791053959566,0.7662985273831256
-0.6916212590702602,0.39644651347004295,0.08716632614577237,-0.3612028710452068,-0.9145716288663343,-0.18190992722080782,0.684885443554491,-0.39258545434037645,0.6138473672237491,-0.6328225779441409,0.09713597023317146,0.7681797889368037
-0.69246528936426,0.3943017654286994,0.0867388809861672,-0.3591066404209838,-0.915270283483633,-0.18254514230004662,0.6880322106697534,-0.3917774934075948,0.6108371900434307,-0.6305982063774416,0.0937587533569646,0.7704253359557313
-0.6933231847136857,0.39211089548268246,0.08630268452347772,-0.3580887194815682,-0.915816026497851,-0.1818061456324788,0.691229088200001,-0.39092657325415847,0.6077653839681529,-0.6276741324973061,0.0919642318156846,0.7730250729829566
-0.6941981791626604,0.38987181164693663,0.08586047412421176,-0.3579889077571913,-0.9162422044044015,-0.17984483531916087,0.6944641031682247,-0.39002115844288227,0.6046512262268434,-0.624150263425056,0.09156264978163593,0.7759205692797418
-0.695091767552074,0.38758583844966005,0.08541533687214344,-0.3585545974097122,-0.9165875114669518,-0.1769348312209313,0.6977220773145331,-0.38905250927250157,0.6015164568460808,-0.6201794123511772,0.09222515303099854,0.7790199083747202
-0.6960036285338791,0.3852573335665379,0.084970308303474,-0.35948470182071135,-0.9168937587035902,-0.17342601998338245,0.7009866886285047,-0.38801559568810357,0.5983824528413664,-0.6159451367796633,0.09354000616425233,0.7822159904554966
-0.6969317744710439,0.38289292408821096,0.0845279734680371,-0.3604682320550386,-0.9172044072396607,-0.169701882780532,0.7042426638426308,-0.3869095120982733,0.5952674187889937,-0.6116411726682159,0.09506368806236312,0.7854030628340021
-0.6978729025314468,0.3805004733175182,0.08409012780055078,-0.3612140680728962,-0.9175624918645199,-0.16614292205689088,0.7074777880645778,-0.385737334468395,0.592183998595428,-0.6074533532885317,0.09636276418093408,0.788488833946257
-0.698822893761974,0.3780879223534523,0.08365754544228295,-0.36147306268488344,-0.9180071918612865,-0.16309512759173758,0.7106844567569224,-0.3845054478075514,0.5891376439597391,-0.6035435592211454,0.09704821635284837,0.7914018042849047
-0.6997773878449207,0.37566216473435865,0.08322988601262987,-0.36105526371308894,-0.9185691106273853,-0.160841181126868,0.7138605698663253,-0.38322245281511724,0.5861259578354218,-0.6000351517496267,0.09680568505815623,0.7940947525360079
-0.7007323529280118,0.3732281055287543,0.08280575001178231,-0.3598442165690956,-0.9192651520644952,-0.15957355671167564,0.7170096662976935,-0.3818978220141975,0.5831390845900165,-0.59700023302964,0.09542344439733945,0.796545722493005
-0.7016845729721544,0.37078802950754175,0.08238287128910408,-0.3578079713759427,-0.9200946024849047,-0.15937182341297926,0.7201403051016171,-0.380540509201398,0.5801610654162263,-0.5944504996952918,0.09281618035066158,0.7987576353795507
-0.7026319884992168,0.3683413599554737,0.08195841565698969,-0.3550037575842676,-0.9210383051137807,-0.16018980184201767,0.7232648030460817,-0.3791577177278178,0.5771719412464064,-0.5923346661945116,0.08903856243542263,0.8007570028564659
-0.7035738482655394,0.36588483599792376,0.08152934059168507,-0.35157178285068175,-0.9220622025861785,-0.16185974195308178,0.7263975229951204,-0.37775400439565293,0.5741502858569371,-0.5905454428659552,0.08428052399560396,0.8025913488103888
-0.7045106562451662,0.36341307924036936,0.08109276392394177,-0.3477147130573049,-0.9231249163342171,-0.1641184546796027,0.7295529626083113,-0.37633084220965485,0.5710758022812802,-0.5889371384731247,0.07883835389400351,0.8043242883827216
-0.7054439269106498,0.3609194677901787,0.08064629018514112,-0.34366354258749243,-0.92418710782797,-0.16665401051515982,0.7327439112828205,-0.3748866953109172,0.5679316210221206,-0.5873514535388235,0.07306268133207265,0.8060273659264922
-0.7063757884835513,0.35839719453262686,0.08018825134855687,-0.339636212913741,-0.9252193738307743,-0.16916368749173677,0.7359799232062757,-0.37341758311922835,0.5647059954123727,-0.5856456228086204,0.06729352796208382,0.8077690174669486
-0.7073084950439408,0.35584036241067496,0.07971783258945547,-0.33579927656129516,-0.9262061814402163,-0.17140873759188613,0.7392662997908068,-0.37191803842143345,0.5613931872496869,-0.5837158417025533,0.06179872295351754,0.8096028248386947
-0.708243921116125,0.3532449655097316,0.07923507116979628,-0.33224244115077595,-0.9271453632139239,-0.17325252023879573,0.7426036946990823,-0.37038230572877195,0.557993458942227,-0.5815107160813506,0.056731147299873524,0.8115582936601627
-0.7091831145768366,0.350609621221572,0.0787407350570297,-0.3289710583311659,-0.9280445456214786,-0.17467502432430349,0.7459883618901928,-0.36880559001194924,0.5545122187114769,-0.579033165461927,0.05211293618826077,0.8136367956139762
-0.7101259749187332,0.34793595311234726,0.07823610481376246,-0.32591541881415487,-0.9289165052917839,-0.1757648030058729,0.7494129757949645,-0.3671851575881611,0.5509584846039609,-0.576332656969332,0.04784544119826509,0.8158133869134617
-0.7110711052225438,0.34522857148609687,0.07772269534064662,-0.3229513864726546,-0.9297748981608036,-0.17669476711396245,0.7528678761234069,-0.36552111242167734,0.5473429249341312,-0.5734913801242529,0.04373734244426686,0.8180432028927889
-0.712015860456221,0.3424946525919099,0.07720196148370419,-0.319925907398479,-0.9306308826513187,-0.17768954395486328,0.7563425381661216,-0.3638167198743404,0.5436757850965082,-0.5706079027981379,0.03954180819717893,0.8202701181128131
-0.7129565859150491,0.33974317086308214,0.07667503238858424,-0.31668252417105,-0.9314905559151113,-0.17899028779687878,0.7598270487101838,-0.36207821897740855,0.5399650168210157,-0.5677807983130679,0.03499582236645387,0.8224355643355112
-0.7138890121683156,0.33698388459485795,0.07614251379296658,-0.3130844740539905,-0.932353049218447,-0.18082008660378535,0.7633133789825411,-0.3603141429947057,0.5362148858659618,-0.5650936184143223,0.02985816422781406,0.8244863203573198
-0.71480875083612,0.33422620816054427,0.07560438614578624,-0.3090347699107968,-0.9332094292044467,-0.18335122642101798,0.7667962859785279,-0.3585342440120007,0.5324252545477899,-0.5626019612441082,0.023944876584628936,0.8263810719575019
-0.7157118218827392,0.33147811901002155,0.0750600113080368,-0.30449313731467476,-0.9340429458049009,-0.1866753993443427,0.7702737350632736,-0.3567481785475232,0.5285916289298366,-0.5603233909091614,0.017161366353725283,0.8280961206918749
-0.716595139444067,0.328745243261627,0.07450824396059404,-0.29948881259024585,-0.9348313535143293,-0.19077943185745042,0.7737468102589988,-0.3549641483178882,0.5247059433844647,-0.5582314257969628,0.009528583080531812,0.8296305692036472
-0.7174568895782495,0.3260302401609303,0.07394762823640778,-0.2941265779248393,-0.9355517168190793,-0.19553143306153245,0.7772191533745606,-0.3531876979832741,0.5207579453268159,-0.5562552865240521,0.001197977523948096,0.8310106022572137
-0.7182967485186688,0.3233325660390531,0.07337664779982124,-0.2885821274254558,-0.9361871359703308,-0.20068383635526704,0.7806960385494465,-0.3514208493373902,0.5167369563367694,-0.5542869754231998,-0.007552025864442591,0.8322913647164338
-0.7191159118163164,0.32064864788015135,0.07279399032928392,-0.2830833320810249,-0.9367334517894969,-0.20589868235721806,0.7841832359628859,-0.34966170289110104,0.5126337347132673,-0.5521960517177589,-0.016344229251605752,0.8335540694145097
-0.7199169303240925,0.31797244199067026,0.07219878602167057,-0.27787718524883775,-0.9372030431463458,-0.21079545971251817,0.7876858413732318,-0.34790457058728763,0.5084421550821869,-0.5498502388999454,-0.024756124125220935,0.8348963103882838
-0.7207033750561425,0.31529630197560976,0.07159078432493224,-0.2731876100047792,-0.9376233476496905,-0.21501392439110598,0.7912072445378958,-0.34614062724442923,0.5041604529924806,-0.5471376663424179,-0.03239018544282383,0.8364157159907701
-0.7214793761925355,0.3126120392586302,0.07097044277255958,-0.2691743233702811,-0.9380299671953728,-0.21827726469240696,0.7947483812135488,-0.34435899396015623,0.4997918505109828,-0.543985472413184,-0.03894436958273729,0.8381903971540167
-0.7222490987389025,0.3099120342708531,0.0703389150115133,-0.26590426705257764,-0.9384569751692032,-0.22043916738978278,0.7983073657991072,-0.3425481044423498,0.4953444719120659,-0.5403704937116037,-0.04426400229556194,0.8402621184051178
-0.7230162260494502,0.3071902504792765,0.0696979399192724,-0.26334325828088395,-0.9389284009668017,-0.22150346763861856,0.8018795428092247,-0.34069716381845977,0.49083056281177745,-0.536320358686929,-0.0483621796860198,0.8426277781048647
-0.7237835211021084,0.30444301727773687,0.06904964796522318,-0.2613683758811041,-0.9394538824986147,-0.22161447323573605,0.8054579344311639,-0.33879749496800576,0.4862651265156562,-0.5319060894097348,-0.05140680948748974,0.8452415347030457
-0.7245525240423212,0.301669479404439,0.06839631267312461,-0.25979510404471085,-0.9400290371591328,-0.22102468914596773,0.809034007184088,-0.3368435823066093,0.4816641737543988,-0.5272290575585292,-0.053682495811245984,0.8480257723143918
-0.7253234246527422,0.2988716556563005,0.06774008255261964,-0.2584104177828308,-0.9406389907526125,-0.22005077836083553,0.8125986402295264,-0.3348336655551003,0.47704283487760296,-0.5224054994718451,-0.0555401250164365,0.8508864722362971
-0.726095123052934,0.29605410223775525,0.06708273116240368,-0.2570041191275619,-0.9412628341307617,-0.21902776042226307,0.8161431557261876,-0.33276980053258254,0.4724135997352375,-0.5175511879155197,-0.05734576651882985,0.8537284292733858
-0.7268654650024553,0.293223229210311,0.0664254597773652,-0.25539401565485464,-0.941877412766643,-0.2182678081800027,0.819660269524469,-0.33065738112147885,0.4677849280096141,-0.5127679195608508,-0.05943597925414369,0.8564674103778486
-0.7276316137891952,0.2903863652477628,0.06576877899625583,-0.25344378575285115,-0.9424599811082432,-0.21802621739761585,0.8231448375046615,-0.3285041948502935,0.4631604154665905,-0.5081326834131878,-0.062082026184800417,0.8590384147825421
-0.7283905023984797,0.28755070007998124,0.06511248381820589,-0.2510742631774588,-0.9429901493892753,-0.21847492424689963,0.8265943057143108,-0.3263191523058107,0.45853861843806987,-0.5036899523819918,-0.06546288256110433,0.8614006285557364
-0.7291392999090438,0.2847222509966097,0.06445572304630519,-0.24826913631069922,-0.9434518894426567,-0.21968379153369605,0.8300088161044846,-0.3241108777126388,0.4539135425796135,-0.49944749588357285,-0.06964676055225702,0.8635401134864582
-0.729875825854555,0.2819049971155968,0.06379715040441526,-0.24507517610018478,-0.9438361197065832,-0.22161122985237877,0.8333909678964917,-0.32188636762418577,0.4492757070733473,-0.4953762738444504,-0.07458247431487024,0.8654708555676845
-0.7305988552189361,0.27910030289884963,0.06313513346067434,-0.24159594647626134,-0.9441436831387767,-0.2241073498022422,0.8367452808031121,-0.3196499141123748,0.44461361592024196,-0.49141503202482545,-0.08010391998583463,0.8672338948074751
-0.7313082732261461,0.2763067133712508,0.06246798893403029,-0.23797751261125946,-0.9443876465550218,-0.22693319837702242,0.8400774442719523,-0.31740244996834976,0.43991541502838255,-0.4874798366259503,-0.0859514850852246,0.8688934060601342
-0.7320050607378221,0.2735201527974023,0.06179421020059481,-0.23438575249036864,-0.9445932838340634,-0.229797404609156,0.8433934616815327,-0.3151414121030038,0.43517049437038574,-0.48347780489115016,-0.09181186477413927,0.8705284565505772
-0.7326911149891935,0.270734503043293,0.06111265506350013,-0.23097757537414496,-0.9447944316426465,-0.2324066298781717,0.8466988070906357,-0.3128611444515916,0.43037081030633906,-0.4793229493207852,-0.09737241000143862,0.8722202267919128
-0.7333689334752918,0.2679424851247112,0.060422668619843446,-0.22787156823919738,-0.9450263114455084,-0.23452040223380535,0.8499977042594946,-0.3105537838238162,0.4255117508439678,-0.4749509986743868,-0.10237977353172624,0.8740365729360501
-0.7340412080145273,0.2651367248305099,0.059724126241539756,-0.22512536903871674,-0.9453167600750719,-0.23599743925803646,0.8532926152212698,-0.3082105021511955,0.4205924383207025,-0.47032997036551666,-0.10668884423817082,0.8760178134553518
-0.7347103887083656,0.26231085674362054,0.05901739373138601,-0.22272584648781854,-0.94567887423731,-0.23682200938159984,0.8565839926780121,-0.3058229262107645,0.4156154488125777,-0.46546434964890687,-0.11028963969992445,0.878168056001117
-0.7353782817632213,0.2594605141901347,0.05830321385628285,-0.22059416156035866,-0.9461075093574652,-0.23710503289237908,0.8598703121405562,-0.3033845285583981,0.4105860130724143,-0.46039250882783156,-0.11330670134114715,0.8804546150974525
-0.7360457401291365,0.2565840666417126,0.057582538963467066,-0.21860304860053384,-0.9465802378911631,-0.2370623554604604,0.8631483615577776,-0.30089178518276394,0.405510837770895,-0.4551786606187476,-0.11597407832544973,0.8828150429585382
-0.736712492201121,0.25368299908326847,0.05685633678610728,-0.21660059828141967,-0.9470615326410029,-0.23697813024793146,0.8664137332264308,-0.2983449264381546,0.40039673793033276,-0.4499015711250295,-0.11859493353549079,0.885168807651367
-0.7373771334047352,0.2507618755050994,0.05612539983918649,-0.21443455389591334,-0.9475081720308822,-0.23716257299615548,0.8696614389985795,-0.29574816415963867,0.39524929464215824,-0.4446423322338762,-0.12149603833417662,0.8874299459983981
-0.7380372814878593,0.24782788470188744,0.0553901875944013,-0.21197301490029413,-0.947874311436448,-0.23791118232012412,0.8728865577528138,-0.29310935181551495,0.39007174362254454,-0.43947297783654854,-0.12498478946322988,0.8895180178918854
-0.7386898725201323,0.2448900235230556,0.05465072515990378,-0.20911996282653908,-0.948115726171514,-0.23946901873455279,0.8760848247481021,-0.29043911568573433,0.38486426168946314,-0.4344470289845631,-0.12931237321289676,0.8913664168794643
-0.7393315546258816,0.24195802296000918,0.053906573350357895,-0.20582587651157705,-0.9481936892941153,-0.24200090111620565,0.879253085226126,-0.2877495716931148,0.3796237559884363,-0.4295925053799004,-0.13464364661298953,0.89292853451336
-0.739959123248829,0.23904115906537698,0.053156874170871525,-0.2020943043461428,-0.9480793638730486,-0.24556753032297282,0.8823895573460226,-0.28505280346985895,0.3743441843019124,-0.4249077090822654,-0.1410333968677247,0.894182878235997
-0.7405699369415732,0.2361471084391234,0.052400464484277376,-0.19798469810490704,-0.9477593172437581,-0.25010864817905576,0.885493878795269,-0.2823593135330626,0.36901735552308007,-0.42036014313017184,-0.14840988726760518,0.8951378974374832
-0.7411622565736727,0.23328100408236319,0.051636040637252384,-0.19361060463719806,-0.9472418279058978,-0.2554365933798676,0.888566942894728,-0.2796766656617713,0.3636340889947352,-0.415889073872752,-0.15656909704602534,0.8958361435460488
-0.7417354624853327,0.2304448219275949,0.05086234951443674,-0.1891312539374492,-0.9465622708473866,-0.2612455476984951,0.8916105590978736,-0.27700851167559726,0.3581855599608219,-0.4114121773710948,-0.1651852047476078,0.8963558826957436
-0.7422901215698949,0.22763718444024345,0.05007837786940459,-0.18473460961847402,-0.9457846171869532,-0.2671415016459224,0.894626995343049,-0.2743541432471447,0.3526646328831309,-0.40683616261657213,-0.1738426356670141,0.896807155865612
-0.7428278970769482,0.22485361116588143,0.04928351228602911,-0.18061176946464272,-0.9449959507456587,-0.2726940443155286,0.8976184728187021,-0.2717086364913149,0.34706698792978224,-0.4020702251914111,-0.1820908287924985,0.8973195997436973
-0.7433513153796618,0.2220871846969526,0.048477646591599866,-0.17692605368438163,-0.9442927629214914,-0.27750378271614085,0.9005866860897144,-0.26906357404785103,0.3413918774056331,-0.39704003874372357,-0.1895150944244086,0.8980218464044681
-0.7438634233394912,0.21932954280107997,0.047661221256534096,-0.17378369395059828,-0.9437614117218421,-0.28127144444767294,0.9035324137356078,-0.2664082477948956,0.3356424032150291,-0.3916993809619715,-0.1958086904395429,0.899016435724264
-0.7443673847324686,0.216572061522862,0.04683518912017931,-0.17121441569496207,-0.9434586419511581,-0.28385104330600797,0.9064552686819148,-0.2637311766249103,0.3298252754942202,-0.3860368761362453,-0.2008274319004164,0.9003576360864902
-0.7448660724199803,0.21380706647828973,0.04600091225695755,-0.16916787733831642,-0.9433989431252621,-0.28527296294424176,0.9093536161938663,-0.26102172762167486,0.3239500863166026,-0.38007661068788046,-0.2046120519899411,0.9020397320453679
-0.7453617132340769,0.21102890431051569,0.045160004453695855,-0.16752667109268254,-0.9435527823326736,-0.2857323247812097,0.9122246642536774,-0.25827161224475936,0.3180282003781397,-0.373872941518733,-0.20737386831701538,0.903999503506151
-0.7458556346250453,0.2082347242896393,0.04431414125579203,-0.16613117896131194,-0.9438550657711722,-0.28554867570174586,0.9150647087363755,-0.2554760445386861,0.3120714172943101,-0.367501034287166,-0.20945072328584452,0.9061309973248348
-0.7463481469603517,0.20542485904590924,0.04346486382676418,-0.16480876365654157,-0.9442195374792246,-0.2851096919862974,0.9178694969016705,-0.25263439427227596,0.30609059032932484,-0.3610452299636113,-0.21124707778617602,0.908306674007917
-0.7468385751810263,0.20260274827543034,0.042613403386282,-0.16340039535925616,-0.9445540459059519,-0.28481215767437906,0.9206346591091955,-0.24975023825988907,0.30009439004423927,-0.35458727450845434,-0.21317240171238294,0.9103984797355719
-0.74732543145752,0.19977441260041223,0.04176054972210961,-0.16178065979510325,-0.9447733072246978,-0.285009501722255,0.9233561516338458,-0.2468307982693273,0.29408837832471574,-0.3481959726306372,-0.21558746480589686,0.9122946945271417
-0.74780670004979,0.19694754799930303,0.04090658073146681,-0.15987019422233387,-0.9448082824814503,-0.2859699815605917,0.9260306536769278,-0.24388584189165277,0.28807451219342817,-0.34191921480079984,-0.2187624407416663,0.9139115083369689
-0.7482801899504845,0.19413036560104413,0.04005126112172224,-0.15764154639760777,-0.9446130577799663,-0.287845989933772,0.9286558690672129,-0.2409262009081145,0.28205113466001597,-0.3357788255628858,-0.2228468909084544,0.9152004389837478
-0.7487439023263962,0.1913303394379638,0.03919390858867625,-0.15511985660534158,-0.9441705362465986,-0.29065413909068727,0.9312306967739282,-0.23796211862989947,0.27601344076532563,-0.32976843310523574,-0.2278508911129827,0.9161532360617067
-0.7491963592285943,0.18855304035049297,0.03833351641158907,-0.15237901839911894,-0.9434974050486458,-0.29426736383464713,0.9337552523532748,-0.23500166492497873,0.2699543409266837,-0.32385454058017005,-0.2336383190937647,0.916804980569285
-0.7496368471455781,0.18580122496968038,0.037468913784802514,-0.1495328713301432,-0.9426472170850201,-0.29842276138664386,0.9362307422465125,-0.23204945091218768,0.2638655900338205,-0.31798100204934726,-0.23993598407329192,0.9172343244136005
-0.7500655422798199,0.18307431535315694,0.036598940391252895,-0.14672043689522676,-0.9417088318479038,-0.30275004445405135,0.938659211578571,-0.22910583518789762,0.25773901683980927,-0.3120769102576626,-0.24636353687693416,0.9175581778729447
-0.7504835018102878,0.18036835165753495,0.03572261033374503,-0.14408500357258783,-0.9407970342730385,-0.3068231608737231,0.9410432011782699,-0.22616674533900882,0.25156767840665506,-0.3060673214533717,-0.2524867196622731,0.9179178891014943
-0.7508925244455424,0.17767643438390368,0.034839242696152274,-0.14174917527893127,-0.9400339709364044,-0.31023105065946893,0.9433853591289236,-0.2232241517969206,0.2453467795503683,-0.2998853705817188,-0.25788972748072,0.9184561246847806
-0.7512949018467403,0.17498960339050673,0.033948541328112015,-0.13979091298236218,-0.9395240969146342,-0.31265471684319546,0.9456880554687638,-0.22026713791194574,0.23907423470501427,-0.2934835640905063,-0.26225342566460497,0.9192880605859696
-0.7516930977374214,0.17229803784609277,0.03305061411908943,-0.13822724406541864,-0.9393296528349251,-0.3139315726445784,0.9479530458959126,-0.21728342360694036,0.2327508036555595,-0.2868418584773515,-0.26541988834800273,0.9204748943315038
-0.7520894017335971,0.16959241365109262,0.03214593092649685,-0.1370110071219452,-0.9394551537195859,-0.31408915625525735,0.9501812224113557,-0.21426113244415418,0.22637979525701998,-0.2799707636598725,-0.26742509469654774,0.9220087799051864
-0.7524856086058185,0.16686522955194816,0.031235228173983113,-0.1360418035625375,-0.9398462321720371,-0.31333957227818676,0.9523724770408698,-0.21119055325831285,0.21996639559143044,-0.27290894572822316,-0.26849135942609464,0.9238144279318425
-0.7528827700374956,0.16411191410050047,0.03031937569363153,-0.1351873941942489,-0.9404020913374717,-0.3120388999132614,0.9545256905125775,-0.2080656436330971,0.2135167302368417,-0.265716154199281,-0.26898437602889586,0.9257658077774797
-0.7532810552001938,0.16133155301110308,0.02939922660114327,-0.13430882363157812,-0.940995705180886,-0.31062553456827774,0.9566388424721083,-0.20488505460389203,0.2070368070503046,-0.2584632758600852,-0.26934958182831265,0.9277109128390086
-0.7536797400452008,0.15852712690501236,0.02847547315887484,-0.13328281840353262,-0.9414946175098863,-0.3095538329892297,0.9587092250351986,-0.2016525201712961,0.20053150111883697,-0.2512216394955254,-0.27004471168397,0.9294963913543194
-0.7540773256340577,0.15570521623008382,0.027548530427430554,-0.13201762749988144,-0.9417775394125479,-0.3092352054461931,0.9607337288994233,-0.19837654297858254,0.19400373540444046,-0.24405337158972448,-0.27148077916109137,0.9309866477892016
-0.7544717663241831,0.15287520425780365,0.026618465234153777,-0.1304615674830827,-0.9417456188184161,-0.30999188512955556,0.9627091625895465,-0.19506940675696208,0.18745398052220957,-0.2370038980185583,-0.2739764880127586,0.93207619663856
-0.7548607724646913,0.1500480802518931,0.02568498123754811,-0.1286056076830629,-0.9413300269077683,-0.3120230409990428,0.964632562136333,-0.1917456428745491,0.18088014956019804,-0.23009697464061565,-0.2777253839324842,0.9326971605943647
-0.7552421420537806,0.14723500310693505,0.024747462626032356,-0.1264819099346197,-0.9404984104803582,-0.3153808274819673,0.9665014513065889,-0.18842015859841785,0.1742779058171291,-0.22333219893590806,-0.28277302508843816,0.9328248202105183
-0.7556140729653249,0.14444582246953036,0.0238050704429249,-0.12415963666150169,-0.9392618844633424,-0.31995546099176775,0.9683140210613275,-0.1851062866419126,0.1676413411473585,-0.21668488927501747,-0.28900307098716654,0.9324831814675588
-0.755975411859916,0.1416877638860235,0.022856877891032332,-0.1217382041835368,-0.9376820831453332,-0.32547215025313014,0.9700692097317826,-0.18181403123074966,0.1609639288100867,-0.21010839576876109,-0.29613505195409134,0.931750231033846
-0.756325806513062,0.13896446490107045,0.021902025310282163,-0.11933719131127145,-0.935875052066056,-0.33150644290917464,0.9717666801535377,-0.17854876238960207,0.1542396148611419,-0.203539072694432,-0.303740393048896,0.9307597002004292
-0.7566657429937078,0.13627550243039294,0.020939872619845406,-0.11708199546672915,-0.9340066263115303,-0.3375254484386058,0.9734067041365557,-0.175310550138682,0.14746389168905216,-0.1969040240308379,-0.31128416762859246,0.9296940207962174
-0.7569964656128845,0.1336164842719919,0.01997012725732931,-0.115085527576462,-0.9322741973369988,-0.3429579308342381,0.9749899760387601,-0.17209424180502378,0.14063469899527703,-0.1901311862014903,-0.3181955262369482,0.9287635539341571
-0.7573197936602041,0.13097969858343628,0.018992928976527747,-0.11342858630227713,-0.9308739318245768,-0.3472861627806672,0.9765173845845568,-0.16889028091580316,0.13375302096146305,-0.1831604581060104,-0.32395955929966624,0.928171563087753
-0.7576378627834237,0.12835523567512525,0.01800887880024805,-0.1121438896616515,-0.9299598724973258,-0.35014051972931215,0.9779897751138614,-0.16568615989098984,0.12682309014259185,-0.1759538228749067,-0.3282114135208201,0.928071937001853
-0.757952828891071,0.12573242793475298,0.017019007129014368,-0.11120927722320659,-0.9296078819938544,-0.35137114621777377,0.9794077335505184,-0.16246830618410102,0.11985216288038283,-0.16850219025558297,-0.33080694554463225,0.9285331316967113
-0.7582665774248827,0.12310140607806147,0.016024684404680144,-0.11055322797137682,-0.9297978675961438,-0.3510753611388482,0.980771419221203,-0.1592241361307626,0.11284989017380383,-0.16082725833619044,-0.33184876056281515,0.929521916411328
-0.7585804799105138,0.12045455032143709,0.015027485654329981,-0.11007141373018878,-0.9304205034041312,-0.34957398462219813,0.9820804668805679,-0.15594398241241378,0.10582736376288726,-0.15297790837595915,-0.33166121448634883,0.9309127769852322
-0.7588952326338855,0.11778762670192633,0.014029026597146953,-0.10964901401316908,-0.9313040765501851,-0.347346816203844,0.9833339694394103,-0.15262261447296535,0.09879596195173906,-0.1450220613302428,-0.3307250437333764,0.9325178535422707
-0.7592107997955315,0.11510044046612816,0.013030792907527112,-0.10918218284921,-0.9322499990341903,-0.34494809790609626,0.9845305425528394,-0.14926012529156252,0.09176614723610639,-0.13703598698478164,-0.3295927097171588,0.9341251436356948
-0.7595264673055897,0.11239690480250847,0.012033985154989185,-0.108593679844401,-0.9330655103936917,-0.342922973875492,0.9856684613439182,-0.14586204561049546,0.08474637433090981,-0.12909336547539896,-0.32880543937727225,0.9355329422453034
-0.7598409961339705,0.10968450524524376,0.011039399764356262,-0.10784075202912248,-0.9335873167391545,-0.34173834175517814,0.9867458495154375,-0.14243865605774098,0.0777422518616638,-0.12125593043579877,-0.3288251074420109,0.936574101739899
-0.7601528488622908,0.10697322650119756,0.010047361370037566,-0.10691602899264181,-0.9336959783740666,-0.3417320334890179,0.9877608936237298,-0.1390035832409006,0.07075606598618002,-0.1135666314200393,-0.329984581176583,0.9371300851075159
-0.7604604525234404,0.10427408705219693,0.009057714875380037,-0.10584348804791889,-0.933324522567049,-0.343077967250653,0.9887120518657574,-0.13557187125734052,0.06378672447450728,-0.10604543617362104,-0.3324539115407929,0.9371386034989558
-0.760762456691046,0.10159748628315418,0.008069877360192022,-0.10467151392492081,-0.9324651578022684,-0.3457637974939768,0.9895982281557365,-0.13215779975288364,0.056830122254873466,-0.09868749162731838,-0.33621874642748234,0.9365990249552049
-0.7610579484305664,0.09895160014827925,0.007082941843287281,-0.10346432022437575,-0.9311757436715712,-0.34958099038449436,0.9904188882527455,-0.12877276166918647,0.0498798721358259,-0.09146343658918124,-0.3410708287874927,0.9355774310646392
-0.7613465941278973,0.09634105938171783,0.006095817928865509,-0.10229218544914444,-0.9295839349798392,-0.35413276694403173,0.9911741039098066,-0.1254235113664327,0.042928295273700776,-0.08432202876253424,-0.34661599879969807,0.9342093688469721
-0.7616286904318987,0.09376610852525114,0.005107389506075262,-0.10122061507740576,-0.9278831551939336,-0.35886938764779314,0.9918645214975251,-0.12211104641074312,0.035967531732924427,-0.07719558327933848,-0.35230915777456545,0.9326945369574859
