posx,posy,posz,tanx,tany,tanz,normx,normy,normz,binormx,binormy,binormz
0.6386414234516823,0.4147521941007597,-0.0119058829270495,-0.4508084868875915,0.7651715006282976,-0.4596567010023451,-0.8357093698430159,-0.542733812817229,-0.0838442459651374,-0.31362646142618406,0.3463417142810148,0.8841300015507778
0.6381794704707597,0.4155360861967089,-0.012372861144550962,-0.4525951810542614,0.7677880917268954,-0.4534964699849745,-0.8348244706719464,-0.5435770175251258,-0.08713282496162655,-0.313409804016666,0.33915405381752595,0.8869886259278491
0.6377238307359775,0.41630874954027625,-0.012825291958150277,-0.45449380615315427,0.7703979941422096,-0.44712672788604263,-0.8339466314763678,-0.5444038039672812,-0.09031895745176256,-0.31299903517045846,0.3318304218235794,0.8898989690603915
0.6372742646225776,0.41707041530571776,-0.013263388656291841,-0.456500733605593,0.7729961813761923,-0.44054963828765137,-0.8330763691108531,-0.5452150299090135,-0.09340414546684397,-0.3123953319859836,0.32437243215035844,0.8928559132436926
0.6368305365420697,0.4178213186098728,-0.013687372503423714,-0.45861187839495826,0.7755773820805553,-0.4337682208278058,-0.8322141497088696,-0.5460115265282725,-0.09638994720720932,-0.3116003113274934,0.3167824763198525,0.8958538433680303
0.6363924149807803,0.41856169833413914,-0.014097472506923666,-0.4608226938547441,0.7781360996268759,-0.4267864281885371,-0.8313603897962627,-0.5467940982473294,-0.099277975400871,-0.3106160767028365,0.30906378723390254,0.8988866604385531
0.635959672530687,0.41929179693772944,-0.014493925186103833,-0.4631281704651761,0.7806666372219074,-0.4196092220747983,-0.8305154574596152,-0.5475635226320098,-0.10206989567678756,-0.3094452659877425,0.3012205009813624,0.9019478017858419
0.6355320859129967,0.4200118602627375,-0.014876974343297345,-0.4655228391630731,0.7831631288020988,-0.4122426468749426,-0.8296796735649921,-0.5483205503552169,-0.10476742495279821,-0.30809109933693246,0.2932577155729399,0.9050302684254826
0.6351094359949341,0.42072213733154584,-0.01524687083700436,-0.4680007796350847,0.7856195758312945,-0.40469389954830054,-0.8288533130226124,-0.5490659052213919,-0.10737232983805893,-0.30655742651645634,0.2851815453252022,0.9081266599178428
0.6346915078001986,0.4214228801371239,-0.015603872357055465,-0.470555634009919,0.7880298899929322,-0.3969713941573754,-0.8280366060930061,-0.54980028424854,-0.10988642504968629,-0.30484877278988515,0.2769991695257436,0.9112292169429981
0.6342780905135595,0.4221143434267751,-0.01594824320174166,-0.47318062628924507,0.7903879416138445,-0.38908481935941397,-0.8272297397302697,-0.5505243578043469,-0.1123115718432511,-0.30297038239786434,0.26871887394736793,0.9143298716405095
0.6338689774800421,0.422796784479895,-0.01628025405683054,-0.47586858775898233,0.7926876134833828,-0.3810451871029089,-0.8264328589580614,-0.5512387697929206,-0.11464967645655316,-0.30092825859110794,0.26035008374726226,0.9174203055710708
0.6334639661991706,0.4234704628803131,-0.01660018177638653,-0.47861198850284425,0.7949228595429534,-0.37286487074730884,-0.8256460682740421,-0.5519441378886386,-0.11690268856610234,-0.29872919911680745,0.25190338629407355,0.9204920149401675
0.633062858314724,0.4241356402837927,-0.01690830916529528,-0.4814029749997997,0.7970877677224639,-0.36455763084670384,-0.8248694330785109,-0.552641053813575,-0.11907259975560058,-0.29638082602300475,0.24339054251765913,0.923536382487924
0.6326654596004545,0.4247925801812653,-0.017204924763382465,-0.4842334136292011,0.7991766259985443,-0.3561386269173761,-0.8241029811230557,-0.5533300836549798,-0.12116144199565107,-0.2938916086401641,0.2348244854778908,0.926544755201248
0.632271579942222,0.4254415476583822,-0.01749032263100819,-0.4870949397357753,0.8011839905529071,-0.347624413650021,-0.8233467039751025,-0.5540117682192913,-0.12317128613386052,-0.2912708786287028,0.2262193050034717,0.9295085267530416
0.6318810333169869,0.42608280915195484,-0.01776480213601655,-0.489979011726877,0.803104754727167,-0.3390329202330798,-0.8226005584943082,-0.5546866234191805,-0.12510424039448284,-0.2885288360493711,0.21759021746035734,0.9324192233290505
0.6314936377690994,0.4267166322038697,-0.018028667741906885,-0.4928769694930346,0.8049342173127569,-0.33038341172410796,-0.8218644683168458,-0.5553551406901428,-0.12696244888666827,-0.28567654552243266,0.20895351997066425,0.935268591277521
0.6311092153843206,0.4273432852130422,-0.01828222879709347,-0.49578009626748204,0.8066681485914106,-0.32169643173823376,-0.8211383253436806,-0.556017787433218,-0.12874809012037666,-0.28272592169233834,0.20032652871243614,0.9380486848225115
0.6307275922619948,0.4279630371859874,-0.018525799325122057,-0.498679682879392,0.8083028524626129,-0.3129937261098258,-0.8204219912290477,-0.5566750074804292,-0.13046337552902865,-0.27968970340552957,0.19172750128103144,0.9407519519307197
0.6303485984857978,0.4285761574865612,-0.01875969781570473,-0.501567093217447,0.8098352229678661,-0.3042981476151101,-0.8197152988654278,-0.5573272215796132,-0.13211054799792063,-0.2765814162364554,0.183175543473835,0.9433713163254975
0.6299720680934631,0.4291829155854373,-0.01898424701643713,-0.5044338296134326,0.8112627935541041,-0.29563354230587147,-0.8190180538614004,-0.5579748278953808,-0.13369188039744456,-0.27341532325495244,0.17469050125840285,0.9459002536100083
0.629597839045889,0.42978358080986045,-0.0191997737250686,-0.5072715967870128,0.8125837775141194,-0.2870246184807816,-0.8183300360088901,-0.5586182025229732,-0.1352096741202014,-0.27020636420862276,0.16629283908480977,0.9483328595014889
0.629225753196015,0.4303784220942183,-0.019406608582193723,-0.5100723629687537,0.8137970982013013,-0.2784967997924094,-0.8176510007363816,-0.5592577000119369,-0.13666625762108264,-0.2669700835866563,0.15800350608926117,0.9506639082942165
0.6288556562578452,0.43096770773195825,-0.019605085864238765,-0.512828416842658,0.8149024078368109,-0.2700760644344868,-0.8169806805448425,-0.5598936538965313,-0.13806398495942787,-0.26372254832520287,0.14984379209082782,0.9528888998601578
0.628487397775987,0.43155170512936514,-0.019795543276627622,-0.515532419023597,0.8159000940034687,-0.2617887727554592,-0.8163187864231691,-0.5605263772299495,-0.1394052343424481,-0.260480256196671,0.14183517558983352,0.9550040937593501
0.6281208310960554,0.4321306805617044,-0.01997832174701001,-0.5181774469080334,0.8167912732426108,-0.25366148598198185,-0.8156650092401044,-0.5611561631195023,-0.14069240666908467,-0.2572600361836492,0.13399916622021876,0.9570065293586423
0.6277558133362908,0.43270489893221864,-0.020153765218449228,-0.520757031904554,0.8175777715255604,-0.24572077899367348,-0.8150190211097246,-0.5617832852599911,-0.14192792407358606,-0.25407894236104156,0.12635714427680717,0.9588940312354148
0.6273922053607099,0.4332746235344568,-0.02032222044246902,-0.5232651882577294,0.8182620917454413,-0.23799305025562817,-0.8143804767276774,-0.5624079984626672,-0.14311422846809188,-0.2509541429871287,0.11893020002333679,0.9606651995570595
0.6270298717541082,0.433840115818392,-0.020484036771873448,-0.5256964329160946,0.8188473687517095,-0.23050433208010646,-0.8137490146755333,-0.563030539177216,-0.1442537800836159,-0.24790280662770303,0.1117389754840089,0.9623193855596446
0.6266686807992086,0.434401635160777,-0.020639565953257,-0.5280457961524476,0.8193373128125053,-0.22328010435081444,-0.8131242586907265,-0.5636511260043683,-0.14534905600885217,-0.2449419872018367,0.104803511330443,0.9638566526815204
0.6263085044562388,0.4349594386401612,-0.020789161919138308,-0.5303088229108132,0.8197361427229098,-0.21634511470498494,-0.8125058188996982,-0.5642699601968606,-0.14640254872632605,-0.24208850984108846,0.09814310130212199,0.9652777243206863
0.6259492183452009,0.4355137808169813,-0.020933180579651905,-0.5324815651177683,0.820048510066279,-0.20972320793800517,-0.8118932930120367,-0.5648872261465496,-0.14741676464543585,-0.2393588593969368,0.09177615635083577,0.9665839195608752
0.6255907017310812,0.4360649135191187,-0.021071979613756255,-0.5345605654450596,0.8202794163694889,-0.20343716708504575,-0.8112862674735087,-0.5655030918556689,-0.14839422263208638,-0.23676907331820354,0.08572008039082318,0.9677770785350467
0.6252328375122288,0.43661308563329504,-0.02120591825990969,-0.5365428332355182,0.820434125062708,-0.1975085682601937,-0.8106843185760747,-0.5661177093903078,-0.14933745253457534,-0.2343346404577181,0.07999115918187549,0.968859479354097
0.6248755122121149,0.43715854290266215,-0.021335357106194615,-0.538425813496664,0.8205180702555062,-0.19195765091455963,-0.8100870135231165,-0.5667312153143268,-0.15024899370559594,-0.23207040716483898,0.07460446348929793,0.9698337487146031
0.6245186159746624,0.4377015277309205,-0.021460657879863475,-0.5402073500197675,0.8205367643725625,-0.18680320473061002,-0.8094939114482609,-0.5673437311020966,-0.1511313935201654,-0.2299904917878461,0.06957376727012857,0.9707027684080368
0.6241620425633176,0.43824227899328094,-0.021582183236306198,-0.5418856437924531,0.8204957066564346,-0.18206247392034583,-0.8089045643863689,-0.5679553635285146,-0.15198720588948034,-0.22810820845935698,0.06491148124600483,0.9714695799848352
0.6238056893640171,0.4387810318545644,-0.02170029654743749,-0.5434592079385768,0.820400294447304,-0.1777510792584722,-0.8083185181953911,-0.5685662050349758,-0.15281898977068648,-0.22643600077987144,0.060628601855089004,0.9721372897836578
0.6234494573921765,0.4393180175947121,-0.02181536168951836,-0.5449268204407419,0.8202557389984269,-0.1738829577747294,-0.8077353134279932,-0.5691763340700308,-0.15362930767266458,-0.2249853857603326,0.05673467524137997,0.9727089764259039
0.623093251303814,0.4398534634419591,-0.021927742830434447,-0.5462874758810932,0.8200669873910568,-0.1704703196653901,-0.8071544861519956,-0.5697858154036742,-0.15442072415798902,-0.2237669081436568,0.05323777564968603,0.9731876027075674
0.6227369794108953,0.44038759241390246,-0.022037804216464698,-0.5475403373793187,0.8198386518847885,-0.16752362167250975,-0.8065755687188619,-0.5703947004142842,-0.15519580434130087,-0.22279010500555466,0.050144497355457424,0.9735759336058911
0.6223805537009627,0.44092062316667213,-0.022145909958580186,-0.548684689818589,0.8195749477898479,-0.16505155592707055,-0.8059980904796207,-0.5710030273474342,-0.15595711238436746,-0.22206348034263507,0.047459959074289716,0.9738764618691546
0.6220238898610978,0.44145276985239323,-0.022252423818325092,-0.5497198953368067,0.8192796406877173,-0.1630610530614074,-0.805421578447803,-0.5716108215458854,-0.15670720998820487,-0.22159448919487945,0.045187819666840746,0.9740913423864405
0.6216669073062322,0.44198424198510505,-0.022357708993335612,-0.5506453519286464,0.8189560035656074,-0.1615572982666708,-0.8048455579091301,-0.5722180956502397,-0.1574486548826451,-0.22138953072202372,0.04333030387918434,0.9742223362520589
0.6213095292118103,0.44251524431527856,-0.022462127902565857,-0.551460455859937,0.818606784177389,-0.16054375889926178,-0.8042695529778633,-0.5728248497698627,-0.15818399931384414,-0.22145394955958292,0.04188823683193468,0.9742707651569833
0.620951682550777,0.44304597671305707,-0.022566041971291865,-0.5521645684461888,0.8182341827058083,-0.16002222222051532,-0.8036930870999018,-0.5734310716238236,-0.15891578853022434,-0.22179204471861294,0.040861085987915345,0.9742374764663003
0.6205932981348462,0.44357663406031744,-0.022669811415973073,-0.5527569875969256,0.8178398395836126,-0.15999284187932644,-0.8031156835028858,-0.5740367366517304,-0.15964655926741605,-0.2224070852613841,0.04024700938061343,0.9741228190846637
0.6202343106599764,0.4441074061516293,-0.022773795029058908,-0.5532369243816899,0.8174248331384384,-0.16045419180963907,-0.8025368655937207,-0.5746418080944865,-0.1603788382328093,-0.22330133197922128,0.04004290896645342,0.9739266299767195
0.6198746587559681,0.4446384776041682,-0.02287834996382801,-0.5536034847359695,0.8169896865602405,-0.16140332630522544,-0.801956157304122,-0.5752462370451126,-0.16111514059033819,-0.2244760643146549,0.04024448806530503,0.9736482310003776
0.6195142850400641,0.4451700277766164,-0.02298383151935856,-0.5538556562987327,0.816534383551606,-0.16283584514442387,-0.8013730833849271,-0.5758499624699198,-0.16185796844618724,-0.22593161180329696,0.04084631196803486,0.9732864355299391
0.6191531361744165,0.44570223069706305,-0.02309059292572721,-0.5539923002598708,0.8160583919103052,-0.1647459627594679,-0.8007871696500879,-0.5764529112004517,-0.16260980933610705,-0.2276673893568814,0.04184187091050413,0.9728395641944929
0.6187911629272669,0.44623525499989547,-0.02319898512954057,-0.5540121479969162,0.8155606942087928,-0.16712658057147897,-0.800197943171436,-0.5770549978967112,-0.1633731347150744,-0.22968193576345203,0.043223644734084826,0.9723054689344575
0.6184283202376561,0.44676926387164584,-0.02330935657990348,-0.5539138021965594,0.8150398246753926,-0.16996936173692062,-0.799604932425415,-0.5776561249823686,-0.16415039845002427,-0.23197295483977964,0.04498316866850817,0.9716815644847041
0.6180645672834659,0.44730441500574913,-0.02342205301493523,-0.5536957420878422,0.8144939113444244,-0.1732648076692286,-0.7990076673931928,-0.5782561825526954,-0.16494403531644533,-0.23453735873135956,0.04711109977961808,0.9709648663246639
0.6176998675525699,0.4478408605661326,-0.023537417248939176,-0.5533563323600972,0.8139207225252438,-0.17700233580652738,-0.7984056796156537,-0.5788550482561527,-0.16575645949957166,-0.2373713129138569,0.04959728371949071,0.9701520340921831
0.6173341889168587,0.44837874715954695,-0.02365578896034006,-0.5528938352990779,0.8133177166406396,-0.1811703581901088,-0.7977985022049386,-0.5794525871506363,-0.16659006310098637,-0.24047028250458036,0.052430821497381305,0.9692394194363316
0.6169675037088717,0.4489182158165268,-0.023777504480499242,-0.5523064256484146,0.8126820945009074,-0.18575636049699698,-0.7971856698143375,-0.5800486515355011,-0.16744721465140305,-0.24382907954167082,0.055600136056172825,0.96822311728258
0.6165997888007686,0.4494594019808427,-0.023902896583518945,-0.5515922076894586,0.812010853109014,-0.1907469812328373,-0.7965667185684503,-0.5806430807606076,-0.16833025763041523,-0.24744191093135406,0.0590930384901829,0.9670990194993674
0.616231025685334,0.4500024355072996,-0.024032294277149292,-0.5507492340297004,0.8113008401324858,-0.19612809083866842,-0.7959411859556702,-0.5812357010137214,-0.16924150899400903,-0.25130242679922543,0.06289679377687002,0.9658628699859053
0.6158612005587141,0.45054744066770475,-0.02416602259490731,-0.5497755255970304,0.8105488082272347,-0.2018848704978122,-0.7953086106851451,-0.5818263250877074,-0.1701832577106149,-0.25540376901011713,0.0669981859182973,0.9645103202449853
0.6154903044045497,0.45109453616481604,-0.024304402389517074,-0.5486690923530765,0.809751468455762,-0.20800189044859338,-0.7946685325105063,-0.5824147521290379,-0.17115776330645835,-0.25973861964299716,0.07138358239965759,0.9630369845596491
0.6151183330791686,0.4516438351540689,-0.02444775012778486,-0.5474279542624949,0.8089055421056555,-0.21446318761674546,-0.7940204920227066,-0.5830007673692604,-0.1721672544210203,-0.26429924922329806,0.07603899787351669,0.9614384939570458
0.6147452873974798,0.452195445272849,-0.024596377687010854,-0.5460501620853254,0.8080078102826685,-0.22125234238036215,-0.7933640304144607,-0.5835841418411181,-0.17321392737331578,-0.269077564525755,0.08095015697188947,0.959710548214989
0.6143711732191988,0.45274946867707605,-0.024750592153047993,-0.5445338175952452,0.8070551607247384,-0.22835255427236817,-0.7926986892188251,-0.5841646320811181,-0.17429994473977453,-0.2740651557675733,0.08610255613568717,0.9578489652450415
0.6139960015350272,0.453306002084836,-0.02491069562010981,-0.5428770928666965,0.8060446313580061,-0.23574671641306105,-0.792024010024537,-0.5847419798204359,-0.1754274339444352,-0.2792533430153634,0.09148152433477054,0.9558497272689523
0.6136197885523954,0.453865136826793,-0.025076984992432983,-0.5410782483173862,0.8049734501921268,-0.24341748845054786,-0.7913395341708189,-0.5853159116660746,-0.17659848586220422,-0.28463322163110266,0.0970722825336631,0.9537090232914882
0.613242555780366,0.4544269589030876,-0.025249751787891336,-0.5391356492385829,0.8038390712289403,-0.25134736777194705,-0.7906448024243943,-0.5858861387743135,-0.1778151534358546,-0.2901957065833023,0.10286000173984493,0.95142328746079
0.6128643301132954,0.4549915490464256,-0.02542928194366573,-0.5370477805929292,0.8026392061349259,-0.25951875873490354,-0.789939354641516,-0.5864523565185045,-0.1790794503075052,-0.2959315754507363,0.10882985945496958,0.9489892329959582
0.6124851439128354,0.4555589827910343,-0.025615855624064748,-0.5348132599072805,0.8013718515028045,-0.26791403965883304,-0.78922272941785,-0.5870142441533672,-0.18039334946524482,-0.3018315099481609,0.11496709433580549,0.9464038814493501
0.6121050350878579,0.45612933054716254,-0.025809747030591447,-0.53243084813545,0.800035311600269,-0.27651562730960777,-0.7884944637291006,-0.5875714644779476,-0.1817587819055735,-0.30788613580725543,0.12125705886215422,0.9436645871567801
0.6117240471718801,0.45670265768078266,-0.02601122421435699,-0.5298994584118009,0.7986282165732368,-0.2853060386110529,-0.7877540925652506,-0.5881236634994936,-0.1831776353123731,-0.3140860608520837,0.12768526980425546,0.9407690568112004
0.611342229397562,0.4572790245981413,-0.026220548890928442,-0.5272181626607292,0.7971495361363342,-0.29426794932216477,-0.7870011485613543,-0.5886704701005034,-0.18465175275301704,-0.3204219111168185,0.13423745628280923,0.937715364173461
0.6109596367678536,0.4578584868347968,-0.026437976257711274,-0.5243861960683827,0.7955985888438476,-0.3033842494306683,-0.7862351616277692,-0.5892114957112715,-0.186182931392333,-0.3268843648648365,0.14089960522075473,0.9345019600062634
0.6105763301233615,0.45844109514877207,-0.02666375481395536,-0.5214029594609886,0.793975047089346,-0.3126380950312894,-0.785455658582754,-0.589746333990257,-0.18777292122503775,-0.33346418438215397,0.14765800399748932,0.9311276773836241
0.6101923762055128,0.4590268956174434,-0.026898126183480725,-0.518268019668341,0.7922789380310965,-0.322012956480596,-0.7846621627903057,-0.5902745605146572,-0.18942342382732907,-0.3401522454347399,0.15449928013277836,0.9275917325872185
0.6098078477150932,0.45961592973777177,-0.027141324940216798,-0.5149811079809538,0.7905106406827614,-0.33149266264887295,-0.7838541938061162,-0.5907957324835401,-0.19113609112828756,-0.34693956429798123,0.1614104378488811,0.923893721852335
0.6094228233657433,0.4602082345294863,-0.027393578436650256,-0.5115421168348598,0.7886708794443876,-0.34106144112245657,-0.7830312670344605,-0.5913093884359626,-0.19291252420176228,-0.35381732228724844,0.1683788913845906,0.9200336142693797
0.6090373879320012,0.4608038426408173,-0.0276551066352788,-0.5079510948788442,0.7867607143772246,-0.35070395424634504,-0.782192893398819,-0.5918150479864429,-0.1947542720794282,-0.3607768877405633,0.17539249496327788,0.9160117411817327
0.6086516322914858,0.46140278245636945,-0.027926121943167743,-0.5042082405950117,0.7847815285473901,-0.36040533093574634,-0.7813385790289616,-0.5923122115802002,-0.19666283058568831,-0.36780983542733875,0.18243956934775396,0.9118287824471873
0.6082656534608293,0.46200507820672787,-0.028206829049714766,-0.500313894655056,0.7827350127780062,-0.3701511942254191,-0.7804678249671503,-0.5928003602705535,-0.19863964119517447,-0.37490796338052756,0.18950892494686541,0.9074857499483661
0.6078795546249681,0.46261075007938257,-0.028497424767721356,-0.49626853120162584,0.7806231481573666,-0.37992768456623843,-0.7795801268960838,-0.5932789555208445,-0.20068608991353062,-0.3820633071726034,0.1965898814714982,0.9029839687477045
0.6074934451594238,0.46321981433055603,-0.028798097877884076,-0.4920727482469489,0.7784481866524151,-0.3897214789182931,-0.7786749748910803,-0.5937474390332546,-0.20280350618228216,-0.3892681516783385,0.20367228416998392,0.8983250562852577
0.6071074406452068,0.46383228339751614,-0.029109028976813965,-0.4877272573798217,0.7762126301727447,-0.3995198057281604,-0.7777518531989512,-0.5942052326068251,-0.20499316180854898,-0.396515040388576,0.21074651670426015,0.8935109000133502
0.6067216628759988,0.46444816601096084,-0.029430390328701587,-0.48323287296748935,0.7739192084210967,-0.40931045591390564,-0.7768102400458808,-0.5946517380269981,-0.2072562699204335,-0.403796782358958,0.21780351075759347,0.8885436338516074
0.6063362398572815,0.4650674673070586,-0.029762345720750163,-0.47859050103133155,0.7715708558525666,-0.4190817900142129,-0.7758496074765593,-0.5950863369889098,-0.20959398394894474,-0.41110645689534997,0.22483475249182264,0.883425613829989
0.6059513057970914,0.4656901889387297,-0.030105050322500937,-0.47380112796509893,0.7691706880470967,-0.42882274168723367,-0.7748694212266886,-0.5955083910566484,-0.21200739663733056,-0.4184374160932746,0.2318322859963172,0.878159393266909
0.6055670010881078,0.4663163291857654,-0.03045865054918708,-0.46886580925214977,0.7667219777790808,-0.4385228177699095,-0.7738691406308545,-0.5959172416606261,-0.21449753907878216,-0.42578328536191945,0.23878871389185288,0.8727476978052048
0.605183472280787,0.46694588306337625,-0.030823283929253237,-0.46378565832425706,0.764228131044712,-0.4481720951293621,-0.7728482185676435,-0.5963122101351576,-0.21706537978347376,-0.43313796207392874,0.2456971952701727,0.8671934006015121
0.6048008720472878,0.46757884242876957,-0.03119907897618745,-0.4585618356895102,0.7616926632827676,-0.45776121455434704,-0.7718061014437663,-0.5966925977982406,-0.21971182377596785,-0.4404956124903422,0.252551441163956,0.8614994979352961
0.6044193591359469,0.4682151960853728,-0.03158615506481836,-0.45319553844110166,0.7591191759985133,-0.4672813719467299,-0.7707422292187749,-0.5970576860755011,-0.22243771172407312,-0.4478506671156734,0.25934570775223226,0.8556690854731986
0.6040390983160799,0.46885492988431154,-0.03198462231224007,-0.44768799024271594,0.756511333973905,-0.47672430708058156,-0.7696560354718468,-0.5974067366701505,-0.22524381910028227,-0.45519781464128045,0.2660747875131044,0.8497053353931932
0.6036602603129234,0.46949802682277364,-0.032394581463531004,-0.4420404318702703,0.753872843220845,-0.48608229019998694,-0.7685469475119566,-0.5977389917807117,-0.22813085537697883,-0.462531994636046,0.2727339985390471,0.843611474541986
0.6032830217325339,0.4701444671388947,-0.03281612378244403,-0.4362541123741362,0.7512074298083581,-0.49534810672634605,-0.767414386532592,-0.5980536743681913,-0.23109946325664824,-0.4698483891421359,0.27931917223031133,0.8373907637686921
0.6029075649765024,0.4707942284028146,-0.03324933094725141,-0.4303302809109965,0.748518819669645,-0.5045150403421332,-0.7662577678120285,-0.5983499884742473,-0.2341502179383902,-0.4771424133304338,0.28582663957936005,0.8310464785485708
0.6025340781463587,0.47144728560356824,-0.03369427495193906,-0.42427017928039196,0.745810719471352,-0.5135768547111605,-0.7650765009599908,-0.5986271195918136,-0.23728362642210601,-0.48440970536540773,0.2922532162540438,0.8245818909829187
0.6021627549375659,0.47210361123148487,-0.03415101801294708,-0.4180750351879472,0.7430867986053258,-0.5225277740858227,-0.7638699902114063,-0.5988842350894894,-0.2405001268517399,-0.4916461156228357,0.2985961866798785,0.8180002532354208
0.6017937945230348,0.4727631753557885,-0.0346196124816663,-0.4117460562453405,0.7403506723428528,-0.5313624630399617,-0.762637634767741,-0.599120484690915,-0.24380008789905847,-0.49884769539637486,0.304853287312453,0.8113047824415414
0.6014274014261112,0.4734259456971103,-0.03510010076290843,-0.40528442470641474,0.7376058861729794,-0.5400760055523335,-0.7613788291862743,-0.5993350010101833,-0.24718380818949612,-0.5060106852205087,0.3110226892802148,0.8044986471061181
0.6010637853830172,0.4740918876946354,-0.0355925152395708,-0.398691292929425,0.734855901330095,-0.5486638836506347,-0.7600929638174766,-0.5995269001442308,-0.2506515157716256,-0.5131315029282725,0.3171029805659085,0.7975849549852289
0.6007031611947544,0.4747609645676317,-0.03609687820372534,-0.3919677795473342,0.7321040815015375,-0.5571219558099668,-0.7587794252905017,-0.5996952823229754,-0.25420336763186874,-0.5202067315525132,0.32309314788208865,0.7905667424317155
0.6003457485685066,0.475433137371126,-0.036613201794374155,-0.38511496632119235,0.7293536806935582,-0.5654464352829416,-0.7574375970466012,-0.5998392326178348,-0.25783944925615615,-0.5272331071695873,0.3289925583827184,0.7834469651693701
0.5999917719486032,0.4761083650455109,-0.03714148794210901,-0.37813389564607897,0.72660783222344,-0.5736338685216148,-0.7560668599201305,-0.5999578217090993,-0.26155977424020443,-0.5342075067743192,0.33480094133921684,0.7762284904487466
0.5996414603371351,0.4767866044598946,-0.03768172832092754,-0.3710255686745929,0.7238695387968963,-0.5816811138344303,-0.7546665927666134,-0.6000501067124571,-0.26536428395019385,-0.5411269362651664,0.3405183698955714,0.7689140905276334
0.5992950471043431,0.47746781044902276,-0.03823390430745993,-0.3637909440195359,0.7211416636229103,-0.5895853204045671,-0.7532361731371774,-0.6001151320648103,-0.26925284723563336,-0.5479885186087703,0.3461452430035938,0.7615064374113645
0.5989527697889255,0.4781519358436268,-0.03879798694786157,-0.3564309369950688,0.718426922512795,-0.5973439077797745,-0.7517749779984967,-0.6001519304693387,-0.2732252601962082,-0.5547894822436499,0.35168226762622007,0.75400809878217
0.5986148698884367,0.4788389314940829,-0.03937393693263742,-0.3489464193541319,0.715727876906355,-0.604954545928082,-0.750282384497194,-0.6001595238996068,-0.27728124600448906,-0.5615271497738422,0.35713044128402,0.7464215350424626
0.5982815926399822,0.4795287462872831,-0.03996170457965754,-0.3413382194792919,0.7130469277653984,-0.6124151359388773,-0.7487577707675265,-0.6001369246622846,-0.2814204547863208,-0.5681989269947201,0.3624910350080702,0.7387490973942553
0.5979531867914368,0.4802213271566542,-0.04056122982563294,-0.33360712298418804,0.710386310273423,-0.6197237914348008,-0.747200516780961,-0.6000831365179198,-0.2856424635607953,-0.5748022922853366,0.36776557675090704,0.730993026875493
0.5976299043634414,0.480916619085285,-0.04117244222631415,-0.32575387368343595,0.7077480892798417,-0.6268788207468563,-0.7456100052361397,-0.599997155858958,-0.28994677624164916,-0.5813347863942083,0.37295583529674703,0.7231554542739105
0.5973120004024598,0.48161456510214623,-0.04179526096567834,-0.31777917488999685,0.7051341554275494,-0.6338787098930748,-0.7439856224875359,-0.5998779729440518,-0.29433282370196007,-0.5877940026387359,0.3780638047023438,0.715238400839833
0.5969997327252043,0.48231510627142316,-0.042429594874367794,-0.3096836910006384,0.7025462219038204,-0.6407221063900392,-0.7423267595109794,-0.5997245731874739,-0.29879996390399877,-0.5941775775322978,0.383091689290919,0.7072437797210239
0.5966933616547614,0.48301818167500377,-0.043075342457638326,-0.3014680493320535,0.6999858217562721,-0.6474078039166065,-0.740632812904064,-0.5995359385022748,-0.3033474820960448,-0.6004831818475354,0.38804188921351435,0.6991733980450534
0.5963931497487719,0.48372372838819866,-0.04373239193307186,-0.2931328421724565,0.6974543057179295,-0.6539347278401861,-0.738903185919324,-0.5993110486956083,-0.30797459107797076,-0.6067085121194286,0.39291698658481405,0.6910289595776276
0.5960993615200522,0.48443168144879467,-0.04440062127830044,-0.2846786290158935,0.6949528404880639,-0.6603019216079888,-0.737137289527914,-0.5990488829144673,-0.3126804315373271,-0.6128512825874411,0.39771973219404183,0.6828120678886894
0.595812263150049,0.48514197381957747,-0.04507989828898311,-0.2761059389491083,0.6924824074184297,-0.6665085339986334,-0.7353345435114265,-0.5987484211398476,-0.3174640724576274,-0.6189092175722328,0.4024530327858342,0.6745242299618384
0.595532122195563,0.48585453634448783,-0.04577008064726792,-0.2674152731634854,0.6900438015576936,-0.6725538072234108,-0.7334943775793132,-0.5984086457271893,-0.32232451160047826,-0.6248800442792475,0.4071199389010043,0.6661668601865515
0.5952592072891778,0.4865692976986009,-0.046471016000955205,-0.2586071075673557,0.6876376310101063,-0.6784370658612742,-0.7316162325093263,-0.5980285429907214,-0.32726067606306486,-0.6307614860186898,0.41172363326290057,0.6577412846768028
0.5949937878338645,0.48728618433215704,-0.04718254205357591,-0.24968189547667646,0.6852643165678594,-0.6841577066071526,-0.7296995613082191,-0.59760710482916,-0.3322714229125065,-0.6365512558292273,0.41626741969134956,0.6492487458638173
0.5947361336922392,0.4880051204088936,-0.047904486665575174,-0.24064007036487362,0.6829240915799177,-0.6897151888095061,-0.7277438303899123,-0.5971433303900047,-0.3373555398984167,-0.6422470504908584,0.4207547125231967,0.6406904073148864
0.5944865148709816,0.4887260277389583,-0.04863666796678183,-0.23148204865530314,0.68061700202348,-0.6951090257699967,-0.7257485207681893,-0.5966362277695056,-0.3425117462449424,-0.6478465449110066,0.4251890265159077,0.6320673587342777
0.594245201200922,0.48944882570671855,-0.04937889448032643,-0.22220823254244396,0.6783429067474918,-0.7003387767757309,-0.7237131292609436,-0.5960848157451706,-0.34773869352342546,-0.6533473868668153,0.42957396720868657,0.6233806211063144
0.5940124620133339,0.49017343119380097,-0.05013096525815013,-0.21281901283047083,0.6761014778608319,-0.7054040398326783,-0.7216371697028993,-0.5954881255375304,-0.3530349666066911,-0.6587471920858964,0.433913221713971,0.6146311519446029
0.5937885658129751,0.4908997584977275,-0.05089267002822857,-0.2033147717803228,0.6738922012408605,-0.7103044450675097,-0.7195201741636947,-0.5948452025976724,-0.35839908470583515,-0.664043539647335,0.4382105499109777,0.6058198506151453
0.5935737799484291,0.49162771924654397,-0.05166378935361234,-0.19369588595873372,0.6717143771409648,-0.7150396487641696,-0.7173616941681267,-0.5941551084169422,-0.3638295024902281,-0.6692339676846181,0.44246977601207677,0.5969475637046575
0.5933683702803193,0.49235722230985035,-0.052444094803362346,-0.18396272908493563,0.6695671208785406,-0.7196093280009955,-0.7151613019153609,-0.5934169223549899,-0.36932461129128424,-0.6743159693721844,0.4466947804722521,0.5880150904088242
0.5931726008479654,0.49308817370668423,-0.05323334913543501,-0.17411567487286864,0.6674493635875044,-0.724013175854004,-0.7129185914938294,-0.5926297434822587,-0.3748827403903873,-0.6792869891776375,0.45088949221154806,0.579023187918405
0.5929867335350699,0.4938204765107129,-0.054031306491546534,-0.16415509986874982,0.6653598530219426,-0.728250897132094,-0.7106331800885619,-0.5917926924328116,-0.3805021583911728,-0.6841444193620951,0.4550578811203503,0.5699725767841457
0.5928110277350153,0.4945540307532283,-0.054837712604014134,-0.15408138628575738,0.6632971543998463,-0.7323222046103244,-0.7083047091776499,-0.5909049132633221,-0.38618107467615576,-0.6888855967118372,0.4592039508174255,0.5608639462442238
0.5926457400163729,0.495288733324447,-0.055652305014551436,-0.14389492483934563,0.6612596512781308,-0.7362268157280092,-0.7059328457145614,-0.5899655753138924,-0.3919176409475452,-0.6935077994852116,0.4633317316308829,0.5516979595005833
0.5924911237892119,0.49602447787364146,-0.05647481330495681,-0.13359611758839834,0.6592455464521819,-0.7399644497192218,-0.7035172832930363,-0.5889738750662867,-0.39770995285180855,-0.6980082445596847,0.4674452737726269,0.5424752589329225
0.5923474289728049,0.4967611547086492,-0.057304959339613035,-0.1231853807889518,0.6572528628751618,-0.7435348251442463,-0.7010577432912922,-0.5879290379950496,-0.40355605168741554,-0.7023840847650248,0.47154864067731067,0.5331964712413044
0.5922149016653294,0.4974986506953109,-0.05814245751967088,-0.11266314776871171,0.6552794445940998,-0.7469376577916615,-0.6985539759923333,-0.5868303204069407,-0.40945392619486537,-0.7066324063897356,0.4756459024773947,0.5238622125104239
0.5920937838161521,0.49823684915741606,-0.05898701504877604,-0.1020298718318521,0.6533229577015758,-0.7501726589219584,-0.696005761677156,-0.5856770112639949,-0.41540151442800033,-0.7107502268491919,0.4797411295865089,0.5144730931903854
0.5919843129012878,0.49897562977773335,-0.05983833221014621,-0.09128602920490086,0.6513808913033815,-0.7532395338249409,-0.6934129116877481,-0.5844684339855131,-0.4213967057052548,-0.7147344925052388,0.4838383863640154,0.5050297229905826
0.5918867216026173,0.4997148685007224,-0.06069610265478538,-0.0804321220355798,0.64945055850414,-0.7561379806645836,-0.6907752694567801,-0.5832039482242365,-0.42743734263933353,-0.7185820766285271,0.4879417248343525,0.49553271568475743
0.5918012374914352,0.500454437437523,-0.0615600137005819,-0.06946868145753579,0.647529097414322,-0.758867689586495,-0.6880927115010219,-0.5818829516119208,-0.43352122324353465,-0.7222897774963475,0.4920551784355008,0.48598269382672943
0.5917280827169016,0.5011942047738267,-0.06242974664200375,-0.05839627073480629,0.6456134721835347,-0.7614283420646932,-0.6853651483755495,-0.5805048814695498,-0.4396461031127026,-0.7258543166203728,0.4961827557716452,0.47638029337749443
0.5916674736999497,0.5019340346812411,-0.06330497707007272,-0.04721548850069574,0.643700474066345,-0.7638196104659812,-0.6825925255859194,-0.5790692164774108,-0.4458096976765688,-0.7292723371003982,0.5003284343458806,0.4667261682454961
0.5916196208331963,0.5026737872327486,-0.06418537520225791,-0.03592697210647731,0.6417867225282359,-0.7660411578118539,-0.6797748244556056,-0.5775754783003,-0.45200968452294304,-0.7325404021018985,0.5044961542496084,0.45702099474285
0.5915847281873884,0.5034133183228714,-0.06507060622190265,-0.0245314010959375,0.6398686664006569,-0.7680926377195103,-0.6769120629460564,-0.5760232331631707,-0.4582437057880467,-0.7356549934571127,0.5086898117860164,0.4472654759611151
0.5915629932249005,0.5041524795931391,-0.06596033062676063,-0.013029500822300758,0.6379425850954465,-0.7699736945052477,-0.6740042964269078,-0.5744120933725633,-0.46450937061099046,-0.7386125103912,0.5129132530058941,0.43746034607095663
0.5915546065207884,0.5048911183634542,-0.06685420458618102,-0.0014220462244923454,0.6360045898902338,-0.7716839634352206,-0.671051618393958,-0.5727417187793039,-0.47080425764916206,-0.741409268377045,0.5171702671348039,0.4276063745506263
0.5915597514918801,0.5056290775699436,-0.06775188030645654,0.010290134220040834,0.6340506252978113,-0.7732230711102637,-0.6680541611326826,-0.5710118181779613,-0.4771259176511025,-0.7440414981242924,0.5214645798714939,0.41770437034870145
0.5915786041343705,0.5063661957098649,-0.06865300640380854,0.022106154348550126,0.6320764705338239,-0.774590635973236,-0.6650120963251979,-0.5692221506387437,-0.4834718760831585,-0.7465053447103268,0.5257998465383074,0.40775518598689675
0.5916113327703696,0.5071023067941286,-0.06955722828445772,0.03402506595482452,0.6300777410985597,-0.7757862689290822,-0.6619256355987063,-0.567372526767603,-0.4898396358060401,-0.7487968668631156,0.5301796450652195,0.3977597216090382
0.5916580978038233,0.50783724030798,-0.07046418853119438,0.04604585420232671,0.6280498904900813,-0.7768095740695883,-0.658795031013666,-0.5654628098904524,-0.49622667979714363,-0.7509120364080476,0.5346074687901311,0.38771892898248894
0.5917190514862162,0.5085708211803623,-0.07137352729583876,0.058167432791594476,0.6259882120674652,-0.777660149496561,-0.6556205754900075,-0.5634929171575981,-0.5026304739143573,-0.7528467378933024,0.5390867190590014,0.37763381545832836
0.5917943376924362,0.5093028697624646,-0.07228488269694737,0.07038863886527166,0.6238878410844712,-0.7783375882389671,-0.6524026031699692,-0.561462820564622,-0.5090484696968127,-0.7545967684106141,0.5436206976105459,0.36750544789660095
0.5918840917071544,0.5100332018159319,-0.07319789122210195,0.08270822763478235,0.6217437569156128,-0.7788414792613272,-0.6491414897162205,-0.5593725478861791,-0.5154781071979008,-0.7561578376308211,0.5482125987313535,0.3573349565627423
0.5919884400220604,0.5107616285111936,-0.07411218813409057,0.09512486671345831,0.6195507854982889,-0.7791714085624549,-0.6458376525441579,-0.5572221835193406,-0.5219168178457079,-0.7575255680760871,0.5528655011685861,0.34712353900104453
0.5921075001442548,0.511487956436331,-0.07502740788026689,0.10763713014194899,0.6173036020163835,-0.7793269603654192,-0.6424915509874198,-0.5550118692333754,-0.5283620273258235,-0.7586954956532858,0.5575823597888233,0.33687246389062797
0.5922413804160861,0.5122119876168831,-0.07594318450435643,0.12024349209302873,0.6149967338525688,-0.7793077184013683,-0.6391036863958353,-0.5527418048230608,-0.5348111584813833,-0.7596630704756733,0.5623659969731618,0.326583074888847
0.5923901798466846,0.5129335195469538,-0.07685915205995673,0.1329423202444081,0.6126245638383953,-0.7791132672916368,-0.6356746021652214,-0.5504122486628713,-0.5412616342250474,-0.7604236580026431,0.5672190937404149,0.31625679446642996
0.5925539879554297,0.513652345231945,-0.0777749450249664,0.14573186880997477,0.6101813338331825,-0.778743194034279,-0.6322048836986005,-0.5480235181596663,-0.54771088045751,-0.7609725405300716,0.5721441805921477,0.3058951277378388
0.592732884627544,0.5143682532432208,-0.07869019871615934,0.15861027122196492,0.6076611486646469,-0.7781970896029211,-0.6286951582986166,-0.5455759901017344,-0.5541563289870375,-0.7613049190664489,0.5771436280754336,0.29549966628941127
0.5929269399820019,0.5150810277849498,-0.07960454970311585,0.17157553245901203,0.6050579804661876,-0.7774745506674703,-0.6251460949910722,-0.5430701009023532,-0.5605954204444781,-0.7614159156327241,0.5822196370615528,0.28507209200673106
0.593136214251893,0.5157904487733509,-0.08051763622070444,0.18462552101775184,0.6023656734476831,-0.7765751814479025,-0.621558404279742,-0.540506346736311,-0.5670256071880594,-0.7613005760264107,0.587374228741512,0.274614180901441
0.5933607576773676,0.516496291928523,-0.08142909857931158,0.19775796052884906,0.599577949138609,-0.7754985957138865,-0.6179328378327344,-0.5378852835681055,-0.5734443561923357,-0.760953873093142,0.5926092343421575,0.2641278069362414
0.5936006104112561,0.5171983288789946,-0.0823385795720064,0.2109704210218219,0.5966884121441636,-0.7742444189445296,-0.6142701881008961,-0.5352075270708745,-0.5798491519155381,-0.7603707105513501,0.5979262845698926,0.2536149458452298
0.5938558024374336,0.5178963272790957,-0.08324572487782836,0.2242603098470163,0.5936905564568684,-0.7728122906639452,-0.6105712878689122,-0.5324737524353689,-0.5862374991396365,-0.7595459274180977,0.6033267987926041,0.24307767894492202
0.5941263535019691,0.5185900509392014,-0.08415018346038879,0.23762486226749804,0.5905777723678021,-0.7712018669696263,-0.6068370097399112,-0.5296846940686492,-0.592606925777386,-0.7584743030863177,0.6088119739743016,0.23251819692927034
0.594412273057073,0.5192792599688689,-0.08505160796098038,0.25106113173848815,0.5873433540231157,-0.7694128232717901,-0.6030682655545679,-0.5268411451824402,-0.5989549856407074,-0.7571505631056445,0.6143827733813276,0.22193880363981833
0.5947135602178387,0.5199637109328286,-0.08594965508539688,0.26456597989735176,0.5839805076727618,-0.7674448572628637,-0.5992660057458586,-0.5239439572714223,-0.6052792611647673,-0.7555693857207018,0.6200399150837188,0.21134191979968472
0.5950302037317331,0.5206431570197603,-0.08684398598367356,0.2781360662929719,0.580482360659378,-0.7652976921371105,-0.5954312186307502,-0.5209940394820739,-0.6115773660822079,-0.7537254092220664,0.6257838602804225,0.20073008669743875
0.5953621819607828,0.5213173482237375,-0.08773426662197599,0.2917678378897414,0.5768419711959435,-0.7629710800809713,-0.5915649296402916,-0.5179923578729314,-0.6178469480420843,-0.751613240165993,0.6316148014826914,0.19010596980410108
0.5957094628763668,0.5219860315381737,-0.088620168145873,0.30545751838822577,0.5730523389810676,-0.7604648060551089,-0.5876682004897111,-0.5149399345675129,-0.6240856911681202,-0.7492274625194216,0.6375326505959777,0.17947236230343608
0.5960720040665088,0.5226489511620722,-0.08950136723425732,0.31920109741196917,0.5691064167005927,-0.7577786918891333,-0.5837421282902265,-0.5118378468014086,-0.6302913185511081,-0.746562647786635,0.6435370269470972,0.1688321885124395
0.5964497527555388,0.5233058487183302,-0.09037754644318811,0.33299431961772746,0.5649971224633635,-0.7549126007098077,-0.5797878446044529,-0.5086872258653757,-0.636461594670339,-0.7436133661730734,0.6496272453103449,0.1581885071654816
0.5968426458359675,0.5239564634838085,-0.09124839453896125,0.34683267379476274,0.560717353217636,-0.751866441722853,-0.5758065144473918,-0.5054892559465509,-0.6425943277391637,-0.7403741988402358,0.6558023039935214,0.14754451453194664
0.5972506099124063,0.5246005326308355,-0.09211360681973313,0.36071138202755465,0.5562599991923968,-0.7486401753674768,-0.5717993352350973,-0.5022451728702013,-0.6486873719699514,-0.7368397513031395,0.6620608730525136,0.13690354733340984
0.5976735613573316,0.5252377914797801,-0.09297288542505648,0.3746253890054128,0.5516179594048923,-0.7452338188612524,-0.5677675356832216,-0.4989562627447043,-0.6547386297539189,-0.7330046680183865,0.6684012827110825,0.12626908542250126
0.5981114063784877,0.5258679737622795,-0.09382593963271205,0.3885693515718684,0.5467841582717236,-0.7416474521510206,-0.563712374657762,-0.4956238605127235,-0.6607460537514933,-0.7288636482063876,0.6748215120708195,0.11564475418162377
0.5985640410976929,0.5264908118946776,-0.09467248614225676,0.4025376286163812,0.5417515633559122,-0.7378812242829639,-0.5596351399804016,-0.4922493484117994,-0.6667076488891329,-0.7244114629456221,0.681319178204741,0.10503432659564277
0.5990313516408038,0.5271060372611943,-0.09551224934474287,0.4165242714206205,0.5365132042762926,-0.7339353602019096,-0.5555371471908983,-0.4888341543478528,-0.6726214742587526,-0.7196429735698944,0.6878915257365837,0.09444172494864467
0.5995132142385764,0.5277133805063046,-0.09634496157809538,0.4305230145813141,0.5310621927982653,-0.7298101679862482,-0.5514197382691093,-0.48537975018527807,-0.6784856449161649,-0.7145531513911647,0.6945354170165661,0.0838710220909476
0.6000094953381409,0.5283125718357792,-0.0971703633676775,0.4445272676412163,0.5253917441164023,-0.7255060465204679,-0.5472842803192356,-0.4818876499576119,-0.6842983335751934,-0.7091370987608047,0.7012473230128264,0.07332644221870915
0.6005200517248069,0.5289033413258095,-0.09798820365161191,0.4585301075689847,0.5194951993294296,-0.7210234936022901,-0.5431321642189668,-0.47835940800286675,-0.6900577721944505,-0.7033900714707284,0.7080233150460675,0.0628123611049663
0.6010447306538882,0.5294854192396042,-0.09879823999046573,0.4725242722374267,0.5133660490967393,-0.7163631144756788,-0.5389648032362322,-0.4747966170279262,-0.6957622534539843,-0.6973075024829574,0.7148590575026947,0.05233330571767303
0.6015833699922379,0.5300585363508249,-0.09960023876095128,0.48650215505754335,0.5069979584527465,-0.7115256307745442,-0.534783631616312,-0.4712009061064601,-0.7014101321193753,-0.6908850269615304,0.7217498016689704,0.041893953157555903
0.6021357983691682,0.5306224242731985,-0.10039397533333637,0.5004558009327261,0.5003847927410543,-0.7065118898548529,-0.5305901031420782,-0.46757393861509444,-0.706999826291101,-0.6841185085644612,0.7286903808350021,0.031499128846317
0.6027018353364184,0.5311768157956287,-0.10117923423230392,0.5143769037031654,0.49352064461459993,-0.7013228744850221,-0.526385689670169,-0.46391741011260695,-0.7125298185373522,-0.6770040669354983,0.7356752068226853,0.021153803894208262
0.6032812915368349,0.5317214452220997,-0.10195580928104434,0.5282568052546925,0.48639986203067914,-0.6959597128560258,-0.5221718796458857,-0.4602330461671514,-0.7179986569087627,-0.66953810631598,0.742698268095625,0.01086309157516441
0.6038739688814131,0.5322560487156595,-0.1027235037284111,0.5420864964685925,0.4790170771511515,-0.6904236888635661,-0.5179501765996257,-0.45652260013650703,-0.7234049558338812,-0.6617173451760376,0.7497531296114547,0.0006322428379441637
0.604479660734347,0.5327803646457436,-0.10348213035901402,0.5558566201891182,0.47136723603826297,-0.6847162526051056,-0.5137220976276512,-0.45278785090656715,-0.7287473968944647,-0.6535388467420868,0.7568329345774146,-0.009533359217094113
0.6050981521057321,0.5332941339381012,-0.10423151158617412,0.5695574763832075,0.4634456290156039,-0.6788390310245304,-0.5094891718599547,-0.44903060059323724,-0.7340247294801001,-0.6450000502739895,0.7639304082684545,-0.019628205963444417
0.6057292198515576,0.5337971004265583,-0.10497147952770573,0.5831790296618675,0.4552479215419327,-0.6727938386269547,-0.5052529389180163,-0.4452526722130532,-0.7392357713218719,-0.6360988029208591,0.771037864063034,-0.029646671040181958
0.6063726328806269,0.5342890112058678,-0.10570187606454215,0.5967109193247077,0.44677018542322805,-0.6665826881757106,-0.5010149473651269,-0.44145590732781526,-0.7443794089052265,-0.6268333919594435,0.7781472118450787,-0.03958301936877704
0.6070281523680429,0.5347696169848699,-0.1064225528822632,0.6101424720777362,0.4380089301657033,-0.6602078012731787,-0.4967767531520151,-0.43764216366857905,-0.7494545977624171,-0.617202577193753,0.7852499689109071,-0.04943141744689028
0.6076955319748883,0.5352386724391996,-0.10713337149563062,0.6234627175596952,0.4289611342500024,-0.6536716187169452,-0.4925399180603871,-0.43381331274432966,-0.7544603626452867,-0.6072056232695366,0.7923372735071483,-0.05918594496256685
0.6083745180737437,0.5356959365627711,-0.10783420325627978,0.6366604067936228,0.4196242760848355,-0.6469768105130635,-0.48830600814698816,-0.42997123744065346,-0.7593957975794354,-0.596842331632846,0.7993999011095954,-0.06884060776196813
0.6090648499796737,0.5361411730172762,-0.10852492934376105,0.6497240336579184,0.4099963643773987,-0.6401262854192126,-0.4840765921907004,-0.4261178296136922,-0.7642600658011346,-0.5861130718388066,0.8064282835334036,-0.07838935219177787
0.609766260186326,0.5365741504789341,-0.10920544074016694,0.6626418594448868,0.40007596763855396,-0.6331231998825328,-0.4798532401451701,-0.4222549876845943,-0.7690523995786404,-0.5750188118954063,0.813412530942054,-0.087826080823623
0.6104784746067811,0.5369946429817427,-0.10987563818861987,0.6754019405445663,0.38986224252351626,-0.6259709662301991,-0.4756375215993417,-0.41838461423963574,-0.7737720999198582,-0.5635611473083202,0.8203424567959934,-0.09714466955239301
0.6112012128188012,0.5374024302564911,-0.11053543213594026,0.6879921592577751,0.37935496069430263,-0.6186732599655883,-0.4714310042482381,-0.4145086136410703,-0.7784185361685934,-0.5517423284770908,0.8272076057520156,-0.10633898604320083
0.6119341883141272,0.5377972980648007,-0.11118474265984772,0.7004002577049255,0.36855453387898046,-0.6112340260195938,-0.46723525237623215,-0.41062888965369104,-0.7829911454918858,-0.539565286081112,0.833997284491397,-0.11540290948318263
0.6126771087514796,0.538179038527483,-0.11182349938109004,0.7126138747566679,0.35746203679549854,-0.6036574838054289,-0.4630518253549649,-0.4067473430919647,-0.7874894322611973,-0.5270336540864573,0.8407005954188694,-0.12433035157448552
0.6134296762129239,0.5385474504465155,-0.11245164136092574,0.7246205858692557,0.3460792276050853,-0.5959481309264795,-0.4588822761580096,-0.402865869492447,-0.7919129673304629,-0.5141517900022726,0.8473064731361152,-0.13311527868391668
0.6141915874632642,0.5389023396199554,-0.11306911698442257,0.7364079456623233,0.3344085655624272,-0.5881107453905912,-0.4547281498942603,-0.398986356816109,-0.7962613872142436,-0.5009247920188619,0.8538037235530708,-0.14175173504324956
0.6149625342121432,0.5392435191491313,-0.11367588383006515,0.7479635330302051,0.3224532255375655,-0.5801503861908507,-0.45059098236193795,-0.3951106831849615,-0.8005343931694731,-0.48735851266914054,0.8601810654586236,-0.15023386687225476
0.6157422033785231,0.5395708097374784,-0.11427190852619258,0.7592749985308603,0.3102171090979926,-0.572072392122576,-0.44647229862503524,-0.3912407146572833,-0.8047317501844548,-0.47345956867132777,0.8664271743299274,-0.15855594727482739
0.6165302773572368,0.5398840399804019,-0.11485716659481703,0.7703301137498162,0.29770485185914847,-0.5638823787189289,-0.4423736116138994,-0.3873783030455253,-0.8088532858789931,-0.459235346633804,0.8725307281174066,-0.1667124017373579
0.6173264342873023,0.5401830466455794,-0.11543164228339774,0.7811168222913408,0.2849218268374543,-0.5555862332033485,-0.4382964207515715,-0.3835252837808155,-0.8128988893197028,-0.4446940043331359,0.8784804547014422,-0.17469783403840008
0.6181303483217053,0.5404676749431421,-0.11599532838516918,0.7916232920063231,0.27187414357224016,-0.5471901073757939,-0.4342422106073964,-0.37968347382776185,-0.8168685097547126,-0.42984446731332193,0.884265180677688,-0.18250705236012718
0.6189416898983536,0.5407377787852022,-0.11654822604864096,0.8018379680272345,0.2585686428212074,-0.5387004083714382,-0.4302124495793225,-0.3758546696530774,-0.8207621552721196,-0.4146964205981459,0.8898738810919078,-0.1901350953756586
0.6197601260119259,0.5409932210342201,-0.11709034457690937,0.8117496261461491,0.24501288667808468,-0.530123787254693,-0.426208588606209,-0.3720406452513288,-0.8245798913866856,-0.3992602953586675,0.8952957297131753,-0.19757725807253868
0.6205853204863406,0.5412338737397328,-0.11762170121743136,0.8213474260431369,0.23121514401034962,-0.5214671254380155,-0.42223205991137136,-0.36824315023089244,-0.8283218395593759,-0.3835472504337816,0.9005201494071644,-0.20482911706196538
0.6214169342475739,0.541459618363007,-0.11814232094293053,0.8306209638504952,0.21718437116864397,-0.5127375189433238,-0.4182842757784802,-0.36446390796300865,-0.8319881756544403,-0.3675691486625978,0.9055368621499693,-0.21188655511627152
0.6222546255965744,0.5416703459891961,-0.11865223622411326,0.8395603235240398,0.20293018797684137,-0.5039422605536208,-0.41436662736085306,-0.36070461379655105,-0.8355791283388264,-0.35133852805207805,0.9103359382082884,-0.21874578467397854
0.6230980504820182,0.5418659575266256,-0.1191514867948833,0.8481561264868193,0.188462849071733,-0.4950888199329893,-0.41048048352507166,-0.3569669333409735,-0.8390949774287558,-0.3348685678708855,0.9149078440044692,-0.22540337005288116
0.6239468627726691,0.5420463638928543,-0.11964011941074937,0.8563995790136941,0.17379321072270015,-0.4861848218238231,-0.40662718972976397,-0.3532525008195983,-0.8425360521883762,-0.3181730498292427,0.9192434881854725,-0.2318562481171544
0.6248007145291028,0.542211486187198,-0.12011818760112615,0.8642825168375635,0.15893269332343066,-0.4772380224603728,-0.40280806694031746,-0.3495629174952368,-0.8459027295853957,-0.30126631457355385,0.9233342654235133,-0.23810174715463545
0.6256592562745722,0.5423612558494317,-0.12058575141622901,0.8717974464797339,0.14389323980822283,-0.46825628436670114,-0.3990244105801766,-0.34589975016987445,-0.8491954325086546,-0.28416321379193094,0.9271720974931849,-0.24413760373512633
0.6265221372647948,0.5424956148044202,-0.12104287716926536,0.8789375828378869,0.12868727030353228,-0.4592475497342564,-0.39527748951930775,-0.34226452975993543,-0.8524146279525734,-0.2668790582912155,0.9307494711951416,-0.24996197733967082
0.6273890057564466,0.5426145155924605,-0.12148963717462122,0.8856968826048873,0.11332763337968563,-0.4502198125988503,-0.39156854510034006,-0.33865874994842854,-0.8555608251733893,-0.2494295624660136,0.9340594727296155,-0.25557346257404306
0.6282595092741643,0.5427179214851517,-0.12192610948273867,0.8920700731396629,0.09782755431694042,-0.4411810900582237,-0.3878987902027818,-0.3350838659150177,-0.8586345738221031,-0.23183078563429602,0.9370958181636564,-0.26097109880669284
0.6291332948758503,0.5428058065866418,-0.12235237761237235,0.8980526764666799,0.0822005808430696,-0.43213939278905705,-0.3842694083456722,-0.33154129314488945,-0.8616364620589599,-0.2140990707609453,0.9398528796832388,-0.2661543771017551
0.6300100094160964,0.5428781559201281,-0.12276853028090634,0.9036410281420428,0.06646052683544468,-0.4231026951357639,-0.3806815528289293,-0.328032406317035,-0.8645671146542706,-0.19625098112913056,0.942325707374372,-0.271123244350688
0.6308892998075348,0.5429349654995289,-0.12317466113340003,0.9088322907906724,0.050621414508264836,-0.41407890505235967,-0.37713634591360395,-0.32455853827238357,-0.8674271910802822,-0.17830323554863775,0.9445100463349643,-0.2758781045411376
0.6317708132799456,0.5429762423862681,-0.12357086847102255,0.913624462188958,0.03469741562456092,-0.4050758341828279,-0.3736348780411498,-0.3211209790619734,-0.8702173835987504,-0.16027264270957908,0.9464023489802084,-0.2804198171378612
0.6326541976369376,0.5430020047311418,-0.12395725497951769,0.9180163778391791,0.01870279228244282,-0.396101168364691,-0.37017820709182764,-0.3177209750752258,-0.8729384153487162,-0.14217603529889766,0.9479997824673209,-0.2847496925873654
0.633539101510046,0.5430122818012801,-0.12433392745833,0.9220077080543383,0.002651837825618473,-0.38716243883482887,-0.36676735768221214,-0.3143597282481008,-0.875591038438944,-0.12403020449549375,0.9493002312292602,-0.2888694849943123
0.6344251746100766,0.5430071139922276,-0.1247009965510017,0.9255989496431862,-0.01344118158041665,-0.3782669944062696,-0.36340332050179486,-0.3110383953508043,-0.8781760320493076,-0.10585183544795322,0.9503022946701324,-0.29278138205319754
0.6353120679755426,0.5429865528252124,-0.12505857647743363,0.928791412353736,-0.029562084182659553,-0.36942197486983624,-0.360087051688577,-0.30775808735448423,-0.8806942005453071,-0.08765744431695671,0.9510052801360711,-0.29648799235235923
0.6361994342180413,0.5429506609296839,-0.1254067847685827,0.9315872002979624,-0.04569682818730603,-0.36063428585566293,-0.35681947224354027,-0.3045198688762329,-0.8831463716097369,-0.0694633174333475,0.9514091913331624,-0.2999923301985107
0.6370869277644233,0.5428995120112421,-0.12574574200414848,0.9339891886394434,-0.0618315651542544,-0.35191057536710857,-0.353601467483774,-0.3013247577014881,-0.8855333943954122,-0.051285453083257264,0.9515147124173723,-0.3032977981379527
0.6379742050956078,0.5428331908050903,-0.12607557155377608,0.936000995878299,-0.07795269081483151,-0.3432572121741362,-0.3504338865341096,-0.29817372438284107,-0.8878561377026485,-0.03313950638484825,0.9513231880293852,-0.30640816737511384
0.6388609249819056,0.5427517930151862,-0.12639639932228244,0.9376269521130727,-0.09404689293376557,-0.33468026622532526,-0.34731754185693614,-0.29506769191403887,-0.8901154881850879,-0.01504073766825334,0.9508365995890287,-0.3093275563094373
0.6397467487147146,0.5426554252392679,-0.12670835349938725,0.938872063696489,-0.11010119588648638,-0.32618549120808765,-0.3442532088199795,-0.292007535477908,-0.8923123485872342,0.0029960352874092992,0.950057538198863,-0.3120604074279093
0.6406313403344498,0.5425442048799751,-0.12701156431440308,0.9397419747308935,-0.1261030016760206,-0.3177783093560326,-0.34124162530170077,-0.28899408226673345,-0.894447636016923,0.02095648086713395,0.948989174534202,-0.3146114628022308
0.6415143668545857,0.54241826004229,-0.1273061637963174,0.9402429258694839,-0.14204012716894132,-0.3094637985713727,-0.3382834913339793,-0.2860281113735372,-0.8965222802557564,0.038826792853466435,0.9476352261170531,-0.31698573844700906
0.6423954984816735,0.5422777294175504,-0.12759228553966612,0.9403817109011556,-0.15790083738570196,-0.30124668189958465,-0.33537946878175373,-0.2831103537526143,-0.8985372221103243,0.05659372511405,0.945999922384227,-0.31918849779832564
0.6432744088312217,0.5421227621543095,-0.12787006447657928,0.9401656316002367,-0.1736738747361568,-0.2931313193636221,-0.3325301810592082,-0.2802414922475005,-0.9004934118068962,0.07424462163994529,0.9440879679653925,-0.3212252245707326
0.6441507751393079,0.5419535177163207,-0.1281396366553437,0.9396024513179466,-0.18934848414501362,-0.28512170213663357,-0.3297362128821578,-0.2774221616845779,-0.902391807431998,0.09176744189219666,0.9419045045853861,-0.32310159524570725
0.6450242784698077,0.541770165727963,-0.1284011390258059,0.9387003477807573,-0.20491443406343934,-0.27722144900556617,-0.3269981100562022,-0.2746529490303087,-0.9042333734211686,0.10915078147203928,0.9394550719972803,-0.32482345143574226
0.6458946039171264,0.5415728858074169,-0.12865470923190736,0.9374678655426387,-0.22036203341122781,-0.26943380505385395,-0.32431637930024754,-0.2719343936101128,-0.9060190790979394,0.12638388818400487,0.9367455683390071,-0.3263967723564738
0.6467614408043144,0.5413618673879297,-0.1289004854116152,0.9359138685143165,-0.23568214453812267,-0.2617616424697826,-0.3216914881049974,-0.2692669873867996,-0.9077498972648962,0.14345667361039235,0.9337822102875749,-0.327827647624621
0.6476244828764581,0.541137309527516,-0.12913860600448676,0.9340474929640413,-0.25086619233254975,-0.254207463368323,-0.31912386462597114,-0.26665117529638493,-0.9094268028484982,0.16035972035949114,0.9305714933618076,-0.3291222505826689
0.6484834284892385,0.540899420707453,-0.12936920956707418,0.9318781013518918,-0.2659061696407995,-0.24677340449844226,-0.3166138976106275,-0.26408735563912583,-0.911050771599114,0.1770842851881573,0.9271201526978541,-0.3302868123327166
0.6493379807925437,0.5406484186199387,-0.12959243459634895,0.9294152373242734,-0.2807946391893249,-0.23946124369509433,-0.31416193635919515,-0.2615758805235234,-0.9126227788475283,0.19362229823164845,0.9234351245923453,-0.3313275966420761
0.6501878479090413,0.5403845299452951,-0.1298084193612994,0.9266685821579377,-0.2955247322272266,-0.23227240792531426,-0.3117682907187505,-0.2591170563610242,-0.9141437983190097,0.20996635859991072,0.9195235090767522,-0.33225087586260765
0.6510327431075984,0.5401079901191052,-0.1300173017428239,0.9236479129043859,-0.3100901441252138,-0.2252079827709845,-0.309433231110145,-0.25671114440912113,-0.9156148010058023,0.22610972661985915,0.9153925337539975,-0.33306290798485666
0.6518723849714544,0.5398190430896789,-0.13021921908201783,0.9203630624467867,-0.32448512718151357,-0.21826872318673884,-0.3071569885873663,-0.25435836136056034,-0.9170367540987172,0.24204631301780405,0.9110495190954044,-0.33376991492721403
0.65270649756105,0.5395179410662537,-0.13041430803692447,0.9168238816432103,-0.3387044808945594,-0.21145506536998296,-0.30493975492889663,-0.25205887997629167,-0.9184106199783416,0.2577706653453432,0.9065018453632868,-0.3343780621398099
0.6535348105714158,0.5392049442583379,-0.1306027044477937,0.913040203692743,-0.35274353996718133,-0.20476713958088116,-0.3027816827606853,-0.24981282975986283,-0.919737355266153,0.27327795195610316,0.9017569212924244,-0.33489343958322987
0.6543570594840299,0.538880320606614,-0.13078454321086672,0.9090218108253992,-0.3665981603078316,-0.19820478375313114,-0.3006828857103124,-0.24762029767090682,-0.9210179099356813,0.28856394384023687,0.8968221546328374,-0.3353220441233826
0.6551729857130545,0.5385443455058171,-0.13095995816068057,0.9047784033831897,-0.38026470329147144,-0.1917675577411762,-0.2986434385919584,-0.2454813288754133,-0.922253226483666,0.303624994618917,0.8917049246270934,-0.335669763366396
0.6559823367458698,0.5381973015200169,-0.13112908196086126,0.9003195713285193,-0.39374001853667107,-0.1854547580559025,-0.2966633776217787,-0.24339592753045297,-0.9234442391609947,0.31845801899288,0.8864125564681112,-0.33594236094127533
0.6567848662778174,0.537839478090723,-0.131292046003351,0.8956547681876106,-0.40702142544657877,-0.17926543294855396,-0.2947427006632948,-0.24136405760108107,-0.9245918732630357,0.3330604699277658,0.8809522977583845,-0.3361454632234659
0.6575803343410805,0.537471171238241,-0.13144898031599217,0.890793287410969,-0.4201066937502803,-0.17319839771131515,-0.29288136750244165,-0.23938564370713736,-0.9256970444788184,0.34743031484523457,0.8753312969688262,-0.33628454747938336
0.6583685074276224,0.5370926832567139,-0.13160001347836914,0.885744241110183,-0.4329940232680315,-0.16725225007248626,-0.2910793001518431,-0.23746057199770576,-0.926760658298374,0.36156601107302644,0.8695565838751873,-0.3363649314004873
0.6591491586061122,0.5367043224032696,-0.131745272545787,0.880516541110564,-0.4456820231094216,-0.16142538557420727,-0.28933638318401583,-0.2355886910510124,-0.9277836094773733,0.3754664807898048,0.8636350519322173,-0.33639176398561776
0.6599220676327768,0.536306402581704,-0.13188488298124793,0.875118882242257,-0.4581696904980532,-0.1557160128309896,-0.28765246409306977,-0.2337698127975956,-0.9287667815580842,0.3891310856822521,0.8575734425304314,-0.3363700177219377
0.6606870210561102,0.5358992430211336,-0.13201896859526446,0.8695597277783879,-0.4704563894002102,-0.15012216857777555,-0.28602735368456367,-0.23200371346462084,-0.9297110464455242,0.40255960151284664,0.8513783310674192,-0.33630448200800755
0.6614438123153891,0.5354831679500356,-0.13214765149333307,0.8638472969174484,-0.4825418291185172,-0.14464173242661857,-0.2844608264931505,-0.23029013453920755,-0.9306172640375566,0.4157521927774426,0.8450561147550317,-0.33619975775701993
0.6621922418329402,0.5350585062661041,-0.13227105203087278,0.8579895541982624,-0.4944260429951021,-0.13927244126126537,-0.2829526212276428,-0.2286287837487771,-0.931486281907555,0.4287093876124864,0.8386130020753079,-0.3360602531141795
0.662932117100113,0.5346255912023415,-0.1323892887754176,0.851994200729345,-0.5061093673524806,-0.13401190320876855,-0.2815024412431399,-0.2270193360563765,-0.9323189350381524,0.44143205309279177,0.8320550037915725,-0.3358901802192034
0.6636632527569188,0.5341847599898075,-0.13250247847583788,0.8458686671100885,-0.5175924207844913,-0.12885761113668226,-0.2801099550398198,-0.2254614346690484,-0.9331160456044921,0.45392137104237823,0.8253879254165429,-0.33569355294313163
0.6643854706653005,0.5337363535174329,-0.13261073603834928,0.8396201079187045,-0.5288760838943227,-0.12380695563331086,-0.2787747967880647,-0.22395469205734997,-0.9338784228052764,0.46617881446324505,0.8186173610363409,-0.3354741855277997
0.6650985999760047,0.5332807159893176,-0.1327141745090579,0.833255397641078,-0.5399614795621025,-0.11885723743682758,-0.2774965668794995,-0.2224986909841875,-0.9346068627398444,0.4782061246702103,0.8117486883878707,-0.335235692056307
0.6658024771890331,0.532818194579914,-0.13281290506277593,0.8267811279153838,-0.5508499538107605,-0.11400567928681747,-0.27627483250358914,-0.2210929855411707,-0.9353021483294077,0.4900052892041877,0.8047870650868928,-0.3349814866835864
0.6664969462076609,0.5323491390874986,-0.13290703699783324,0.8202036059692754,-0.561543057326051,-0.10924943717891189,-0.2751091282493691,-0.21973710219076284,-0.9359650492805157,0.501578520581643,0.7977374259051143,-0.3347147845575583
0.6671818583860109,0.5318739015863282,-0.13299667773659948,0.8135288541295141,-0.5720425276746993,-0.10458561100964385,-0.27399895673193686,-0.21843054081258043,-0.9365963220887287,0.5129282359244126,0.7906044809965755,-0.3344386033633164
0.6678570725701835,0.5313928360778737,-0.1330819328314238,0.8067626102878425,-0.5823502722537215,-0.10001125460448604,-0.27294378924324797,-0.21717277575220845,-0.9371967100804496,0.5240570375017249,0.7833927149764016,-0.3341557654250758
0.6685224551329492,0.5309062981415131,-0.1331629059756911,0.7999103292115521,-0.5924683519940134,-0.09552338512722444,-0.27194306642681937,-0.21596325687100942,-0.9377669434907827,0.534967694205028,0.7761063867583906,-0.3338689003033844
0.6691778800020168,0.5304146445850669,-0.13323969901968782,0.7929771845924303,-0.6023989658323077,-0.09111899187342404,-0.27099619897587,-0.2148014105954269,-0.938307739575266,0.5456631239661459,0.768749530061893,-0.3335804478279947
0.6698232286819001,0.5299182330955442,-0.1333124119909649,0.7859680717333941,-0.612144435957551,-0.08679504445474925,-0.27010256835443686,-0.21368664096438106,-0.9388198027532741,0.5561463771202929,0.7613259545027816,-0.33329266150997333
0.6704583902694113,0.5294174218904681,-0.13338114311888202,0.7788876107780714,-0.6217071938305991,-0.08254850038437556,-0.2692615275409995,-0.21261833067338243,-0.9393038247808596,0.56642062070754,0.7538392471879838,-0.3330076122798682
0.6710832614628187,0.5289125693701416,-0.13344598886301265,0.7717401503946969,-0.6310897669698254,-0.07837631207668501,-0.26847240179408777,-0.2115958421140735,-0.939760484950793,0.5764891236993847,0.7462927747379089,-0.3327271925020679
0.6716977465647169,0.5284040337712,-0.13350704394508933,0.7645297718319259,-0.6402947664897375,-0.07427543327693024,-0.26773448943935674,-0.2106185184079641,-0.9401904503175306,0.5863552431310478,0.7386896856661034,-0.33245312021884116
0.6723017574786619,0.5278921728217972,-0.13356440138416623,0.7572602932703821,-0.6493248753749536,-0.0702428249386086,-0.26704706267759626,-0.20968568443319732,-0.9405943759448329,0.5960224111149874,0.7310329130504881,-0.33218694358086137
0.6728952136996302,0.5273773433987667,-0.13361815253467632,0.7499352743999608,-0.6581828374677967,-0.0662754605679613,-0.26640936841307805,-0.20879664784322438,-0.9409729051737766,0.6054941227067363,0.723325177435621,-0.33193004542422383
0.6734780422983809,0.5268599011870783,-0.133668387127062,0.7425580211589629,-0.6668714471443568,-0.06237033105633329,-0.2658206291016655,-0.20795070007633865,-0.9413266699088874,0.6147739245905606,0.7155689899103733,-0.33168364795715805
0.6740501778997884,0.526340200341918,-0.13371519331065923,0.735131590577104,-0.6753935396509431,-0.05852444902215688,-0.2652800436180606,-0.20714711735511374,-0.9416562909201354,0.6238654045493924,0.7077666553103761,-0.33144881752268535
0.6746115626552434,0.5258185931537008,-0.13375865769851847,0.7276587956701778,-0.6837519820705247,-0.05473485268505839,-0.2647867881415368,-0.2063851616747673,-0.9419623781585806,0.6327721816811445,0.6999202754993664,-0.33122646940632006
0.6751621462092106,0.5252954297163217,-0.13379886541384994,0.7201422103397669,-0.6919496648867731,-0.050998609295130705,-0.2643400170594843,-0.20566408177962978,-0.9422455310834502,0.6414978973215318,0.6920317526882882,-0.33101737266075526
0.675701885660048,0.5247710575989412,-0.13383590013778401,0.7125841742367457,-0.6999894941118168,-0.04731281814073207,-0.2639388638880741,-0.2049831141268884,-0.9425063389984789,0.6500462066321194,0.6841027927555374,-0.3308221549220461
0.6762307455152011,0.5242458215215916,-0.13386984415814498,0.7049867975525166,-0.7078743839425995,-0.043674613158357335,-0.2635824422092974,-0.204341483836857,-0.9427453813953871,0.6584207708112112,0.676134908536186,-0.3306413071942674
0.6767486976408882,0.5237200630348839,-0.1339007784189407,0.6973519657069113,-0.7156072499098004,-0.04008116516818397,-0.2632698466236384,-0.20373840562908846,-0.9429632283023993,0.6666252498844254,0.6681294230523377,-0.33047518858195374
0.677255721206404,0.5231941202040827,-0.1339287825702793,0.6896813439064926,-0.7231910024826165,-0.03652968375886016,-0.26300015371759106,-0.20317308474368329,-0.9431604406357698,0.6746632960313299,0.6600874726609527,-0.33032403095175816
0.6777518026231759,0.5226683272978143,-0.1339539350184311,0.6819763815516582,-0.7306285410922025,-0.03301741884500941,-0.2627724230451923,-0.20264471784722912,-0.9433375705523317,0.6825385474042222,0.6520100100996125,-0.33018794350678204
0.6782369354787152,0.5221430144816533,-0.13397631297576287,0.6742383164754646,-0.7379227485362463,-0.029541661920806445,-0.2625856981227567,-0.20215249392280885,-0.9434951618011472,0.6902546223950374,0.643897807414733,-0.33006691725888493
0.6787111204656051,0.5216185075168358,-0.13399599251027994,0.6664681790015388,-0.7450764857269312,-0.026099747032857844,-0.26243900743592985,-0.20169559514365906,-0.9436337500723938,0.6978151143063733,0.6357514587607735,-0.3299608293860527
0.6791743653056873,0.5210951274643275,-0.134013048594522,0.6586667958128024,-0.7520925867444312,-0.02268905149551818,-0.26233136545817215,-0.20127319772999772,-0.9437538633417042,0.7052235863827494,0.6275713830630039,-0.3298694474634497
0.6796266846696017,0.5205731903944738,-0.13402755515357,0.650834793627132,-0.7589738541579876,-0.019306996371735607,-0.26226177367974934,-0.20088447278869295,-0.9438560222082396,0.7124835671583455,0.6193578265405053,-0.32979243355835347
0.6800681000918457,0.5200530071024436,-0.13403958511192907,0.6429726026804619,-0.7657230545766073,-0.01595104674254954,-0.26222922164630336,-0.20052858713542895,-0.9439407402248525,0.7195985460776633,0.6111108650902378,-0.32972934818055616
0.6804986398815265,0.5195348828296743,-0.13404921043906784,0.635080460022392,-0.7723429143913637,-0.012618711788511811,-0.2622326880060168,-0.200204704099094,-0.9440085242187877,0.726571969345698,0.6028304065374018,-0.32967965408114774
0.6809183390289802,0.5190191169915073,-0.13405650219340337,0.6271584126340293,-0.7788361156712623,-0.009307544706569595,-0.2622711415644035,-0.1999119843081774,-0.944059874601432,0.733407235964351,0.5945161927618685,-0.32964271989392324
0.6813272391084382,0.5185060029112085,-0.13406153056453454,0.6192063203827479,-0.7852052921745535,-0.006015142486388043,-0.26234354234570106,-0.19964958645897818,-0.9440952856657365,0.740107693911884,0.5861678017153731,-0.3296178236148647
0.6817253881769252,0.5179958275605387,-0.13406436491353882,0.6112238588338175,-0.7914530254372903,-0.002739145570713408,-0.26244884265986096,-0.19941666806549652,-0.9441152458699917,0.7466766364222183,0.5777846493494054,-0.32960415591643766
0.6821128406695779,0.5174888713070503,-0.13406507381116076,0.6032105219445562,-0.7975818409007733,0.000522762574778489,-0.2625859881740643,-0.19921238619090423,-0.9441202381067658,0.7531172983208037,0.5693659914795223,-0.32960082329465473
0.6824896572915722,0.5169854076682597,-0.13406372507373296,0.5951656246728857,-0.8035942040393721,0.003772855955608533,-0.2627539189877356,-0.19903589816054054,-0.9441107399558664,0.7594328523736119,0.5609109256181012,-0.329606851048222
0.6828559049068539,0.5164857030728454,-0.1340603857966846,0.5870883055390587,-0.8094925164499732,0.007013366578667127,-0.2629515707099664,-0.19888636225642897,-0.9440872239203144,0.7656264056055266,0.5524183928146261,-0.32962118609043806
0.6832116564238682,0.5159900166290062,-0.134055122385505,0.5789775291869763,-0.8152791118641014,0.010246484988806027,-0.2631778755382648,-0.19876293839332015,-0.944050157644401,0.7717009955440706,0.5438871795504423,-0.3296426995960254
0.6835569906784817,0.5154985999001139,-0.1340480005840447,0.5708320890001308,-0.8209562520435016,0.013474360780136654,-0.2634317633375475,-0.19866478877633004,-0.9440000041129908,0.7776595863439331,0.535315919743793,-0.32967018948676596
0.6838919923142962,0.5150116966877669,-0.1340390855000493,0.5626506098368724,-0.8265261225197864,0.016699103047848805,-0.26371216271829007,-0.1985910785402658,-0.9439372218313334,0.7835050647472788,0.5267030969309191,-0.32970238276169805
0.6842167516605504,0.5145295428223648,-0.13402844162783617,0.5544315509606914,-0.8319908281386112,0.019922780743417454,-0.2640180021126939,-0.19854097637076495,-0.9438622649847619,0.7892402358342762,0.5180470467003664,-0.329737937679735
0.6845313646078072,0.5140523659612956,-0.13401613286803585,0.5461732092536657,-0.837352388368829,0.023147422892611284,-0.2643482108478114,-0.19851365510740138,-0.9437755835777173,0.7948678185177159,0.5093459594704935,-0.3297754458051264
0.6848359324816211,0.5135803853948266,-0.13400222254433722,0.5378737228154041,-0.8426127323372672,0.026375018631699935,-0.26470172021449623,-0.19850829232895623,-0.9436776235516704,0.8003904407351353,0.5005978837148302,-0.3298134339290158
0.6851305619143824,0.5131138118597827,-0.13398677341718587,0.5295310750659808,-0.8477736935502392,0.029607517012605365,-0.2650774645310883,-0.19852407092105434,-0.9435688268815912,0.8058106342914794,0.4918007297565927,-0.32985036588375416
0.6854153647155278,0.5126528473610757,-0.1339698476944002,0.5211430994897884,-0.8528370042637596,0.032846826522397406,-0.2654743822007424,-0.1985601796264344,-0.9434496316507056,0.811130829305181,0.48295227427265963,-0.3298846442706227
0.6856904577403109,0.512197685001155,-0.1339515070386832,0.512707485178234,-0.8578042894658462,0.0360948142564284,-0.2658914167613009,-0.19861581357807642,-0.9433204721034031,0.8163533482107361,0.47405016566890235,-0.32991461212623935
0.6859559627573162,0.5117485088174272,-0.13393181257202114,0.5042217833531374,-0.8626770604363753,0.03935330467744979,-0.2663275179266402,-0.19869017481552803,-0.9431817786762051,0.8214803992714719,0.4650919305133443,-0.32993855455850224
0.6862120063149034,0.511305493627688,-0.13391082487697195,0.49568341507991026,-0.8674567078529933,0.042624077885202,-0.2667816426184304,-0.1987824727846932,-0.9430339780068452,0.8265140695575178,0.4560749812415159,-0.3299547003893435
0.6864587196067571,0.5108688048836071,-0.13388860399486122,0.4870896804105208,-0.8721444944157446,0.045908867312117,-0.26725275598724413,-0.19889192482144705,-0.9428774929215578,0.8314563173461363,0.44699662538001883,-0.32996122384922144
0.6866962383367209,0.5104385985322882,-0.1338652094209129,0.4784377692313079,-0.8767415469687377,0.04920935675087184,-0.2677398324219905,-0.199017756619394,-0.9427127424007952,0.8363089639048562,0.4378540765700927,-0.3299562463772088
0.686924702583084,0.5100150208859231,-0.13384070009635735,0.4697247741303202,-0.8812488481046425,0.052527176608497476,-0.2682418565466599,-0.1991592026821547,-0.9425401415236432,0.8410736846225906,0.42864446771333575,-0.32993783859104464
0.6871442566624814,0.5095982084995525,-0.13381513439756673,0.4609477056435384,-0.8856672272475486,0.05586389926953658,-0.26875782420338296,-0.19931550676054707,-0.9423601013913151,0.8457519994604928,0.41936486660714134,-0.3299040225037477
0.6873550489935732,0.5091882880569352,-0.13378857012228404,0.45210351028948714,-0.8899973512222058,0.059221033437293624,-0.2692867434208319,-0.19948592227502865,-0.9421730290301692,0.850345262703172,0.4100122944882735,-0.3298527740776705
0.6875572319606476,0.5087853762645174,-0.1337610644730165,0.44318909185780964,-0.8942397143335461,0.06260001730756795,-0.2698276353670307,-0.19966971272383777,-0.9419793272747637,0.8548546520026002,0.40058374795969687,-0.3297820262234972
0.6877509617772974,0.5083895797534946,-0.1337326740376807,0.43420133647976467,-0.8983946280002671,0.0660022104133467,-0.2703795352856443,-0.19986615207718897,-0.9417793946315544,0.8592811567222367,0.3910762248387386,-0.3296896723708148
0.6879363983503084,0.5080009949899401,-0.13370345476759166,0.4251371420775866,-0.9024622100109819,0.0694288839619077,-0.27094149341487417,-0.2000745251579617,-0.9415736251238848,0.8636255656082789,0.3814867545340341,-0.3295735707590493
0.6881137051438879,0.5076197081929791,-0.13367346195289934,0.415993452865357,-0.9064423735018564,0.07288120946773043,-0.2715125758880802,-0.2002941280092823,-0.9413624081190095,0.8678884538394191,0.37181243363465194,-0.3294315496228315
0.6882830490443612,0.5072457952609655,-0.13364275019558464,0.40676729965647124,-0.9103348157917457,0.0763602454657575,-0.27209186561534626,-0.20052426824941327,-0.9411461281379196,0.8720701695369146,0.36205046747718117,-0.3292614134747824
0.6884446002254477,0.5068793217056331,-0.1336113733801344,0.3974558468215933,-0.9141390072556567,0.07986692207023406,-0.2726784631451438,-0.2007642654143606,-0.9409251646488336,0.8761708198542865,0.3521982185450049,-0.3290609507212797
0.6885985320142279,0.5065203425941618,-0.133579384642023,0.3880564468353831,-0.9178541804710312,0.08340202312503602,-0.27327148750539415,-0.20101345128860765,-0.9406998918452322,0.8801902568116092,0.3422532626475521,-0.32882794288353767
0.6887450207578973,0.5061689024991151,-0.13354683633413408,0.3785667034491365,-0.9214793199349847,0.08696616567270149,-0.273870077023168,-0.20127117022439223,-0.940470678409395,0.884128063094356,0.3322134539248253,-0.32856017573704893
0.6888842456914045,0.5058250354561841,-0.13351377999126335,0.36898454462764085,-0.925013152725334,0.09055977645218934,-0.27447339012236516,-0.2015367794499074,-0.9402378872624179,0.8879835381022942,0.32207699982162247,-0.32825545272734497
0.6890163888060468,0.5054887649296798,-0.1334802662928476,0.35930830648939843,-0.9284541405649381,0.09418306512076642,-0.2750806060987224,-0.20180964936683454,-0.9400018753017437,0.8917556846110263,0.3118425472738724,-0.3279116110686883
0.6891416347191086,0.5051601037856984,-0.1334463450240719,0.34953682958567583,-0.9318004738482197,0.09783599388480409,-0.27569092587154514,-0.20208916383757575,-0.9397629931272671,0.895443196498407,0.30150928144198574,-0.3275265409841666
0.6892601705445995,0.5048390542728906,-0.13341206503550884,0.3396695689403554,-0.9350500683008984,0.1015182432194241,-0.27630357271160233,-0.20237472046256955,-0.9395215847571045,0.8990444480906812,0.291077038407673,-0.327098208599712
0.6893721857651537,0.5045256080107535,-0.13337747420144958,0.3297067193420134,-0.9382005650684182,0.10522917335999381,-0.2769177929446553,-0.20266573084802933,-0.9392779873341518,0.902557485798765,0.28054643331387247,-0.3266246830591301
0.6894778721051383,0.5042197459853641,-0.13334261937708813,0.3196493574227629,-0.9412493351636588,0.1089677812621,-0.2775328566301352,-0.20296162086446312,-0.9390325308245646,0.9059800228426295,0.26991900546282455,-0.3261041684799939
0.6895774234050122,0.5039214385524654,-0.13330754635472356,0.30949960206333454,-0.944193489347233,0.11273265275391069,-0.27814805821453026,-0.20326183089627825,-0.938785537709321,0.9093094379990367,0.2591973818829753,-0.32553504141779765
0.6896710354969633,0.5036306454478164,-0.13327229981914468,0.2992607946158771,-0.9470298946588405,0.11652190964938383,-0.2787627171590721,-0.20356581608280253,-0.9385373226700331,0.9125427794508951,0.24838546081646584,-0.3249158945435372
0.6897589060818532,0.5033473158047137,-0.13323692330236614,0.28893770031699834,-0.9497551989580769,0.1203331516566748,-0.27937617854136265,-0.2038730465509712,-0.9382881922701841,0.9156767749589094,0.23748861644746053,-0.32424558726175706
0.6898412346074798,0.5030713881785841,-0.13320145913788137,0.27853673205180873,-0.9523658649566653,0.12416339300793015,-0.27998781363061315,-0.20418300763998978,-0.9380384446329675,0.9187078497086264,0.22651392596577935,-0.32352330399419676
0.6899182221481699,0.5028027905785531,-0.13316594841460086,0.26806619729978,-0.954858215315964,0.12800899385921014,-0.2805970204362174,-0.20449520011816397,-0.9377883691169073,0.9216321532952029,0.2154704197151994,-0.32274862081843747
0.6899900712856974,0.5025414405058845,-0.13313043093064097,0.25753656861538066,-0.9572284904235795,0.13186558666767523,-0.2812032242294087,-0.20480914039215625,-0.9375382459904293,0.9244455973765034,0.20436935468220507,-0.321921581069022
0.6900569859915243,0.5022872449991878,-0.13309494514712925,0.24696077733791927,-0.9594729204248219,0.13572799795220603,-0.2818058780377907,-0.20512436070883777,-0.9372883461065439,0.9271439055292336,0.19322451090701193,-0.32104278036539863
0.6901191715103459,0.5020401006862893,-0.13305952814218763,0.23635452934986823,-0.9615878129361811,0.13959016608778022,-0.282404463112588,-0.2054404093499026,-0.9370389305787862,0.9297226767536076,0.18205250950963633,-0.3201134613091905
0.690176834244921,0.501799893842659,-0.133024215565255,0.22573664057361248,-0.9635696575700629,0.14344505607671407,-0.28299848936846894,-0.20575685081938896,-0.9367902504595425,0.9321774638542301,0.17087314988376476,-0.3191356177725955
0.6902301816421601,0.5015665004562831,-0.1329890415919049,0.21512938847650825,-0.9654152479077042,0.14728457258324715,-0.28358749579585096,-0.20607326602421347,-0.9365425464218653,0.9345038675371878,0.15970976218572244,-0.31811210825842234
0.690279422080434,0.5013397862988745,-0.13295403887931181,0.20455887410957133,-0.9671218208213194,0.1510994729119874,-0.2841710508456342,-0.20638925244779519,-0.9362960484458579,0.9366976464603253,0.14858956950370444,-0.3170467772275745
0.6903247647580675,0.5011196070033129,-0.13291923852251566,0.19405538711008935,-0.9686872120165378,0.15487928205276658,-0.28474875278632134,-0.20670442431682626,-0.9360509755106737,0.9387548426081156,0.1375440520105344,-0.31594458253993785
0.6903664195829697,0.5009058081471989,-0.13288467001162696,0.18365376363924818,-0.9701100252956282,0.15861221239884032,-0.2853202300335497,-0.20701841276120087,-0.9358075352931473,0.9406719201904251,0.12660930297078773,-0.31481172622141934
0.690404597063352,0.5006982253424171,-0.13285036119011234,0.17339372440712228,-0.9713898112961292,0.16228509126317683,-0.28588514145205884,-0.20733086596710096,-0.9355659238740307,0.9424459147522277,0.11582636369757482,-0.3136557846420721
0.6904395081994779,0.5004966843305959,-0.13281633821429378,0.16332017678949948,-0.9725272493262487,0.16588329985675843,-0.2864431766301699,-0.20764144932317904,-0.9353263254527732,0.944074587315782,0.10524152146795496,-0.3124858328687014
0.6904713643763896,0.5003010010843496,-0.13278262551418732,0.15348346162792104,-0.9735243234224046,0.16939072793886886,-0.2869940561268596,-0.20794984555978724,-0.9350889120717417,0.9455565761785825,0.09490655107320027,-0.3113125564586603
0.6905003772575403,0.5001109819142018,-0.1327492457558015,0.14393952173164465,-0.9743844809742228,0.17278974888650045,-0.28753753169159096,-0.20825575488111991,-0.9348538433507144,0.9468915365301207,0.08487887720445751,-0.3101483423333711
0.6905267586792786,0.49992642358107175,-0.13271621980500983,0.1347499655246416,-0.9751127593500608,0.17606122044282935,-0.288073386456996,-0.2085588950901517,-0.9346212662324633,0.9480802554669653,0.07522163140670377,-0.3090073386866531
0.6905507205461017,0.4997471134142242,-0.1326835666931017,0.12598199591792475,-0.9757158631564087,0.1791845168798921,-0.2886014351046467,-0.208859001706191,-0.934391314740153,0.9491247275042803,0.06600357407926866,-0.3079054722616798
0.6905724747266202,0.49957282943456865,-0.13265130358411065,0.11770817162070826,-0.9762021724313295,0.18213759873805008,-0.28912152400406815,-0.20915582807485253,-0.9341641097472585,0.9500281736302745,0.057298849226449955,-0.30686040993593416
0.6905922329501514,0.4994033404832089,-0.13261944574400997,0.11000596609306201,-0.9765816606769293,0.18489712667703304,-0.28963353132524006,-0.20944914547020946,-0.9339397587606335,0.9507949857650719,0.049186537703825445,-0.3058914506041431
0.6906102067038724,0.4992384063551344,-0.1325880065118575,0.1029570886309258,-0.9768657017616613,0.18743862628161956,-0.29013736712482374,-0.20973874318886418,-0.9337183557173067,0.9514305787068855,0.041749973979066164,-0.3050193331155066
0.6906266071304544,0.49907777793795316,-0.13255699727296338,0.09664653319674579,-0.9770667470349643,0.18973671089054828,-0.29063297340638244,-0.2100244286356586,-0.9334999807955167,0.9519411338890738,0.03507579243264827,-0.3042659468215372
0.6906416449261046,0.4989211973555674,-0.1325264274341448,0.09116132419607599,-0.977197859180497,0.19176536961576707,-0.2911203241548517,-0.2103060274006793,-0.9332847002404566,0.9523332241578009,0.029252672561640818,-0.30365393347231556
0.6906555302389389,0.4987683981166874,-0.1324963044011245,0.08658893517381831,-0.9772720979961469,0.19349832759916494,-0.2915994253456015,-0.21058338332722185,-0.9330725662051024,0.9526133168519005,0.02436975881435047,-0.303206173109571
0.6906684725676093,0.4986191052680954,-0.1324666335581194,0.0830153671541595,-0.9773017658092865,0.1949094850496265,-0.2920703149283475,-0.2108563585703381,-0.9328636166064752,0.9527871640371295,0.020514740956377175,-0.30294515254345417
0.6906806806601138,0.4984730355525578,-0.13243741824965738,0.08052288887618458,-0.9772975365800993,0.19597344044921752,-0.292533062786281,-0.2111248336455543,-0.9326578749975871,0.9528591037209602,0.01777159566855471,-0.3028922231479079
0.6906923624127127,0.4983298975712981,-0.13240865976465044,0.07918746217567026,-0.9772675122496413,0.19666610113482677,-0.29298777067072335,-0.21138870746733687,-0.932455350455285,0.9528313135448354,0.016218010256683325,-0.3030667650398798
0.690703724768882,0.4981893919509346,-0.1323803573227442,0.07907590261709728,-0.9772162710486281,0.19696538077313377,-0.2934345721116876,-0.2116478973768664,-0.9322560374841143,0.9527030773094638,0.015922535406314678,-0.3034852868778196
0.6907149736182343,0.49805121151480547,-0.13235250806295376,0.08024285795996462,-0.977143992810536,0.19685197753819986,-0.2938736323046556,-0.2119023391586231,-0.9320599159362943,0.9524701423049885,0.016941545779147374,-0.3041605037543961
0.6907263136953399,0.4979150414585831,-0.13232510703458608,0.08272772391344242,-0.9770457623624583,0.19631021864809767,-0.2943051479739987,-0.21215198704530938,-0.9318669509477894,0.9521242584726555,0.019316123894033692,-0.3051004486814242
0.6907379484783865,0.4977805595301034,-0.132298147190442,0.08655165521865303,-0.976911159605884,0.19532894618155916,-0.2947293472133534,-0.21239681371059901,-0.9316770928904369,0.9516529949882478,0.023069021719006898,-0.30630768414590254
0.6907500800876145,0.49764743621332497,-0.1322716193822792,0.09171486594957227,-0.9767242396114402,0.19390240617203763,-0.29514648930338855,-0.2126368102491784,-0.9314902773399943,0.9510399219884184,0.028201891470410884,-0.3077786868867863
0.6907629091834753,0.49751533491634226,-0.13224551235851123,0.09819443977840109,-0.9764639844061962,0.19203108903034868,-0.29555686450729785,-0.21287198614353398,-0.931306425059938,0.9502652218403137,0.03469300610905448,-0.3095034789592782
0.690776634864457,0.4973839121633731,-0.13221981276410613,0.10594288122332415,-0.9761052686244774,0.18972245645056682,-0.2959607938444475,-0.2131023692169514,-0.9311254420007471,0.9493067546505003,0.042495703284671976,-0.31146556916820844
0.6907914545645332,0.49725281779064834,-0.1321945051426421,0.11488762488654934,-0.9756203255789191,0.18699148099635857,-0.2963586288425467,-0.2133280055721392,-0.9309472193143815,0.94814154890422,0.051537776008448895,-0.3136422498414551
0.6908075639501899,0.49712169514613114,-0.13216957194046788,0.12493167551036664,-0.9749806344270665,0.18386092283671243,-0.29675075126873884,-0.2135489595149246,-0.930771633383577,0.9467476263902708,0.06172199269537295,-0.3160052650543986
0.690825156816994,0.49699018129299655,-0.13214499351290654,0.13595547557463625,-0.9741590827938683,0.18036127652986947,-0.2971375728400101,-0.21376531346243094,-0.9305985458655395,0.945106010703573,0.07292785592980307,-0.31852183027456643
0.690844424985672,0.49685790721680223,-0.13212074813243668,0.14781999354951394,-0.9731322049130283,0.17653034092792547,-0.2975195349133025,-0.21397716783515472,-0.9304278037495538,0.9432027225639215,0.08501460701758434,-0.3211559445840166
0.6908655581976736,0.49672449803628344,-0.13209681199877293,0.1603709062601472,-0.9718822654787849,0.1724123965181274,-0.29789710815573023,-0.214184640932378,-0.9302592394279788,0.9410305443383611,0.09782536295099095,-0.3238699013272993
0.6908887440101935,0.4965895732177109,-0.13207315925076446,0.17344363052271744,-0.9703989629366716,0.16805701342857252,-0.2982707921952964,-0.21438786879032662,-0.9300926707800314,0.9385903481041606,0.11119215101334336,-0.3266258777236374
0.6909141676906524,0.4964527467927442,-0.1320497619800211,0.18686886238393008,-0.9686805653979921,0.16351755407772678,-0.2986411152524612,-0.21458700502247396,-0.9299279012677547,0.9358918273775566,0.12494150429585402,-0.3293874738847654
0.6909420121106109,0.49631362757972397,-0.13202659024616983,0.2004782249964837,-0.9667343622746332,0.15884946993842194,-0.29900863375300524,-0.21478222064148267,-0.9297647200434498,0.932953545597754,0.1389002177599868,-0.33212107922082845
0.690972457639133,0.49617181940833965,-0.1320036120936409,0.21410961957293898,-0.964576402500544,0.15410851548645893,-0.2993739319225019,-0.21497370386214948,-0.9296029020678936,0.9298023014015359,0.15290085149173577,-0.3347969682083601
0.6910056820355955,0.49602692134761395,-0.13198079356987355,0.22761191910121187,-0.9622305792164262,0.14934900971845816,-0.2997376213628206,-0.21516165988487182,-0.9294422082385462,0.926471895214756,0.16678660778494028,-0.33739006334029864
0.691041860341961,0.4958785279371489,-0.13195809874482894,0.24084873229948495,-0.9597271947919559,0.14462226566643907,-0.30010034061100527,-0.2153463106590709,-0.9292823855269643,0.9230014483817941,0.18041529331597697,-0.3398803439783189
0.6910811647745346,0.495726229421572,-0.1319354897316917,0.25370107860673247,-0.9571011872692946,0.13997528368068152,-0.30046275468089495,-0.21552789462605762,-0.9291231671245891,0.919433464565734,0.19366219033607435,-0.34225291857175644
0.6911237646152341,0.4955696119881306,-0.13191292670863802,0.26606893368488393,-0.9543902148978856,0.13544977015468368,-0.30082555458783555,-0.21570666644085762,-0.9289642725960421,0.9158118301456418,0.20642178121540522,-0.3444978084185
0.6911698261024097,0.4954082580073732,-0.13189036794154377,0.2778717105902888,-0.9516327816838835,0.13108150624028125,-0.3011894568568316,-0.21588289667251934,-0.9288054080390409,0.9121799293625759,0.21860837986883377,-0.34660951042810423
0.6912195123212553,0.49524174627686746,-0.1318677698075032,0.2890478215874587,-0.9488665514141875,0.12690005690657405,-0.3015552030144765,-0.21605687148246341,-0.9286462662500228,0.9085790094265015,0.2301558078618857,-0.3485864135863591
0.6912729830938676,0.49506965226789257,-0.13184508681902676,0.2995535137392913,-0.9461269505377816,0.12292878374295567,-0.3019235590649748,-0.21622889228043954,-0.9284865268945548,0.9050468810442821,0.24101630569165308,-0.35043014068821876
0.6913303948690077,0.49489154837505667,-0.1318222716487832,0.3093611887177826,-0.9434461113944566,0.11918510733224655,-0.3022953149505908,-0.21639927535772505,-0.928325856681572,0.9016169904532876,0.25115889098204364,-0.35214487644523007
0.6913919006116384,0.49470700416877433,-0.1317992751547509,0.3184574092451612,-0.9408521641067381,0.115680956913952,-0.302671283996813,-0.2165683514972015,-0.9281639095404998,0.8983178570754233,0.2605673702240019,-0.3537367287036608
0.6914576496923073,0.49451558665055545,-0.13177604640564147,0.3268407690310456,-0.9383688524218406,0.11242334501211254,-0.3030523023425438,-0.21673646555998513,-0.928000326800292,0.8951728401510393,0.2692381869294983,-0.35521315425366584
0.6915277877764673,0.49431686051104173,-0.1317525327064592,0.33451976805957545,-0.9360154273574096,0.10941501051635294,-0.3034392283555724,-0.21690397604832742,-0.9278347373694312,0.8922001790362647,0.2771782547808403,-0.35658246676512995
0.6916024567138189,0.49411038839072885,-0.13172867962405935,0.34151079741549223,-0.9338067618703443,0.10665508301931376,-0.3038329420336349,-0.21707125464457205,-0.9276667579159108,0.8894132439894408,0.2844028865751074,-0.35785343301961786
0.6916817944277798,0.4938957311433226,-0.13170443101256954,0.34783630242327845,-0.931753627814356,0.10413973195321848,-0.3042343443912849,-0.21723868572592933,-0.9274959930462643,0.8868209348055033,0.29093389365774786,-0.35903495527850177
0.6917659348051884,0.4936724481016568,-0.131679729038541,0.3535231626307642,-0.929863080577214,0.1018627746676671,-0.3046443568328359,-0.21740666585493834,-0.9273220354826833,0.8844281708162909,0.2967978992871964,-0.36013583221509243
0.6918550075863584,0.4934400973461117,-0.13165451420569607,0.35860130334812945,-0.9281389045051235,0.0998162270427617,-0.3050639205116026,-0.21757560324551417,-0.9271444662372964,0.8822364250239918,0.3020248844323592,-0.36116458788827377
0.6919491382556072,0.4931982359754705,-0.13162872537914402,0.3631025360995608,-0.9265820814914567,0.09799078802125734,-0.305493995675647,-0.2177459172044947,-0.9269628547827045,0.8802442654651009,0.30664696606966957,-0.36212935715856
0.6920484479323935,0.4929464203801376,-0.13160229980893876,0.3670596137654275,-0.9251912544614491,0.09637625542853097,-0.30593556100023284,-0.2179180375487045,-0.926776759217879,0.8784478769157839,0.3106973955136599,-0.36303781616131997
0.6921530532632002,0.49268420651765243,-0.13157517315285605,0.37050547934380434,-0.9239631659993497,0.09496187473231572,-0.3063896129071828,-0.2180924039975654,-0.9265857264285638,0.8768415449092295,0.3142097566833676,-0.3638971474553965
0.6922630663143164,0.49241115019042225,-0.13154727949827405,0.37347268401647,-0.9228930595617274,0.09373662521302964,-0.3068571648712754,-0.21826946554134197,-0.9263892922413665,0.875418091348755,0.3172173403600295,-0.36471403087105414
0.6923785944656677,0.4921268073255969,-0.1315185513830435,0.37599294952614043,-0.9219750364452949,0.09268944966030533,-0.30733924671386725,-0.21844967978519614,-0.926186981570729,0.8741692566865903,0.3197526693765703,-0.365494652615564
0.6924997403058619,0.4918307342570035,-0.1314889198152425,0.3780968508851349,-0.9212023659831233,0.09180943447075339,-0.30783690388385926,-0.21863351226923186,-0.9259783085580456,0.8730860278105151,0.3218471503989361,-0.36624472668168356
0.6926266015286205,0.49152248800905973,-0.1314583142917151,0.37981359745793053,-0.9205677494987913,0.09108594715319981,-0.30835119672611433,-0.21882143576480573,-0.9257627767022186,0.8721589136525741,0.3235308298022918,-0.36696952394415855
0.6927592708307709,0.49120162658257366,-0.13142666281530097,0.38117089298941137,-0.9200635405720974,0.09050873796264818,-0.3088831997374433,-0.21901392954743343,-0.9255398789809927,0.8713781723555012,0.3248322335823961,-0.3676739054763857
0.6928978358119855,0.490867709242341,-0.13139389191067016,0.3821948578400662,-0.9196819253863949,0.09006801184763255,-0.30943400081024125,-0.21921147864665994,-0.925309097962466,0.8707339948475534,0.32577827390284736,-0.3683623575634489
0.6930423788764603,0.4905202968064415,-0.13135992663868606,0.3829099993143639,-0.9194150675412894,0.08975447622887713,-0.3100047004638247,-0.21941457307333456,-0.9250699059062405,0.8702166501023803,0.3263942075176767,-0.36903902664013655
0.6931929771367257,0.4901589519371359,-0.13132469060922675,0.3833392183962888,-0.9192552218993854,0.08955936941512034,-0.3105964110635332,-0.21962370702481715,-0.9248217648537094,0.8698165973777318,0.3267036337774478,-0.3697077529655499
0.6933497023197988,0.4897832394332576,-0.13128810599240476,0.38350384336895277,-0.9191948219319519,0.08947447376055884,-0.3112102560276192,-0.2198393780686396,-0.9245641267070757,0.8695245704777211,0.32672852214626297,-0.3703721022858682
0.6935126206758838,0.4893927265239857,-0.13125009352813574,0.3834236826692577,-0.9192265447434925,0.08949211701197085,-0.3118473690219434,-0.2200620863052843,-0.9242964332967306,0.8693316386756186,0.32648926109430537,-0.371035395060442
0.6936817928898334,0.48898698316389044,-0.1312105725340135,0.38311709091773277,-0.9193433575687007,0.08960516470071343,-0.3125088931424724,-0.2202923335107525,-0.9240181164367147,0.8692292484457714,0.32600472188404817,-0.3717007330577974
0.6938572739955997,0.4885655823291247,-0.1311694609114631,0.38260104338777057,-0.9195385491035627,0.08980700591325866,-0.3131959800855512,-0.2205306222596567,-0.9237285979680502,0.8692092496383367,0.32529233215414655,-0.3723710232884351
0.6940391132938872,0.48812810031464227,-0.131126675150151,0.3818912152657612,-0.9198057485936325,0.0900915343245269,-0.31390978930593083,-0.22077745502967108,-0.9234272897897958,0.8692639092247797,0.32436815534933305,-0.3730489993479742
0.6942273542732518,0.4876741170323043,-0.13108213033064436,0.38100206293512917,-0.9201389351812536,0.09045312599730905,-0.31465148716248237,-0.22103333328819982,-0.9231135938777771,0.8693859152675607,0.32324697297734545,-0.3737372403111165
0.6944220345348684,0.48720321630974495,-0.13103574012532268,0.3799469052239889,-0.9205324396241856,0.09088661513258364,-0.31542224605154096,-0.22129875656219286,-0.9227869022910049,0.8695683733361711,0.32194236742555726,-0.3744381873552872
0.6946231857212095,0.48671498618984843,-0.13098741679755552,0.37873800311661326,-0.920980940148154,0.09138726869243158,-0.31622324352780723,-0.22157422149210856,-0.9224465971658842,0.8698047972091172,0.320466803669254,-0.375154158310978
0.6948308334488752,0.4862090192306914,-0.13093707119917386,0.37738663686904295,-0.9214794538878038,0.09195076060211642,-0.31705566141269415,-0.22186022087107984,-0.9220920506984075,0.8700890953683033,0.31883170867664673,-0.3758873603401658
0.6950449972458183,0.48568491280579373,-0.13088461276627308,0.3759031798111033,-0.9220233251039605,0.0925731460637367,-0.31792068489003017,-0.22215724267037973,-0.9217226251145992,0.8704155545065562,0.3170475476854074,-0.37663990093949673
0.6952656904932064,0.4851422694045204,-0.13082994951339902,0.3742971683799367,-0.9226082111374753,0.09325083637410016,-0.31881950158900035,-0.2224657690523812,-0.9213376726295707,0.870778821027075,0.3151238968114614,-0.37741379745454035
0.6954929203721743,0.48458069693246353,-0.13077298802618012,0.3725773681296993,-0.92323006686788,0.09398057452833776,-0.3197533006542011,-0.22278627537222565,-0.9209365353956346,0.8711738813108957,0.3130695116693751,-0.3782109852778057
0.6957266878157085,0.4839998090116334,-0.1307136334524829,0.3707518356114681,-0.9238851282845909,0.09475941180321767,-0.32072327180266497,-0.2231192291694793,-0.9205185454400205,0.8715960413602858,0.3108923918486622,-0.3790333248880592
0.6959669874659173,0.4833992252802751,-0.13065178949217762,0.3688279761272888,-0.9245698956455769,0.0955846854458143,-0.32173060436774736,-0.22346508915114288,-0.9200830245928004,0.8720409062876652,0.3085998412128542,-0.37988260787299677
0.6962138076369319,0.4827785716921295,-0.13058735838561755,0.3668125974414377,-0.9252811165892955,0.09645399754044517,-0.3227764863296961,-0.22382430416737484,-0.9196292844057576,0.8725043600068262,0.30619852407752857,-0.38076056206206793
0.6964671302836872,0.48213748081493635,-0.13052024090094397,0.3647119595871458,-0.9260157694768735,0.09736519508663274,-0.323862103332794,-0.22419731218140698,-0.9191566260629855,0.872982545391924,0.3036945173867762,-0.3816688558819681
0.6967269309768312,0.48147559212798613,-0.13045033632034458,0.3625318209439912,-0.9267710471696469,0.09831635129066846,-0.32498863768891056,-0.22458453923512672,-0.9186643402841169,0.8734718450964175,0.3010933590510126,-0.3826091020339663
0.696993178884,0.4807925523185095,-0.13037754242540386,0.36027748078412225,-0.9275443413895893,0.09930574805115548,-0.3261572673673307,-0.2249863984118963,-0.9181517072211537,0.8739688631658007,0.29840009263704476,-0.3835828605801898
0.6972658367577087,0.48008801557669006,-0.1303017554816958,0.3579538184979513,-0.9283332277643335,0.10033185960296954,-0.327369164970731,-0.2254032887981716,-0.9176179963499704,0.8744704075319542,0.29561930861772634,-0.3845916415150953
0.6975448609300856,0.4793616438890804,-0.1302228702227832,0.35556532971473104,-0.9291354516223642,0.10139333727301773,-0.32862549669717417,-0.22583559444560514,-0.9170624663576281,0.8749734734409896,0.2927551823963249,-0.38563690688872654
0.697830201314694,0.47861310733018836,-0.1301407798337974,0.35311615953242925,-0.9299489145757988,0.10248899529394168,-0.32992742128800034,-0.2262836833352757,-0.9164843650267421,0.8754752278387541,0.28981150932203203,-0.38672007253977325
0.6981218014156577,0.4778420843520045,-0.1300553759347854,0.35061013306638955,-0.9307716619064264,0.10361779761758054,-0.3312760889615337,-0.22674790634580091,-0.9158829291182067,0.875972994717028,0.28679173690980925,-0.3878425094890143
0.6984195983443192,0.47704826207122264,-0.12996654856402073,0.34805078351846047,-0.9316018707541803,0.10477884566789776,-0.33267264033250643,-0.22722859622708919,-0.9152573842536674,0.8764642414077055,0.28369899447121383,-0.38900554503713386
0.6987235228436441,0.47623133655390426,-0.129874186161488,0.3454413779586956,-0.932437839094892,0.10597136697262181,-0.3341182053171505,-0.22772606658153774,-0.9146069447992113,0.8769465658007016,0.28053612035413467,-0.3902104636052273
0.6990334993205757,0.4753910130973328,-0.12977817555275634,0.3427849410009966,-0.9332779754851921,0.10719470461363607,-0.3356139020239172,-0.22824061085451658,-0.9139308137518056,0.877417684453205,0.27730568697922187,-0.39145850735136395
0.6993494458865405,0.4745270065087895,-0.1296784019334729,0.3400842765427703,-0.9341207895461167,0.1084483074377847,-0.33716083562982646,-0.2287725013360199,-0.9132281826300906,0.877875421552385,0.27401002384985945,-0.3927508765923021
0.6996712744062923,0.473639041380987,-0.1295747488547112,0.3373419877272009,-0.9349648831527179,0.10973172097203923,-0.33876009724245404,-0.22932198817537,-0.9124982313712056,0.8783176986902542,0.2706512387012481,-0.3940887300557274
0.6999988905552714,0.4727268523638726,-0.12946709820942084,0.3345604952753261,-0.9358089422943897,0.1110445789896302,-0.34041276274766197,-0.2298892984109457,-0.911740128235358,0.8787425254075466,0.26723123694279977,-0.39547318498526385
0.7003321938856483,0.4717901844325285,-0.12935533022023274,0.3317420543240543,-0.9366517295692502,0.11238659567665626,-0.342119891643116,-0.23047463501684667,-0.9109530297199487,0.8791479904629019,0.2637517395369807,-0.39690531711764443
0.7006710779012025,0.4708287931508691,-0.12923932342887956,0.32888876989559823,-0.9374920772755424,0.11375755835173683,-0.3438825258578045,-0.23107817596851402,-0.9101360804850674,0.8795322537839171,0.2602142994469231,-0.3983861605491966
0.7010154301411781,0.46984244493084537,-0.12911895468749993,0.3260026111136976,-0.9383288810633259,0.1151573206943351,-0.3457016885577165,-0.23170007332929618,-0.9092884132922527,0.8798935390576493,0.25662031677489133,-0.39991670750665026
0.7013651322732453,0.4688309172868458,-0.12899409915209928,0.323085424272462,-0.9391610941106069,0.11658579644043686,-0.34757838293794535,-0.23234045235996947,-0.9084091489584459,0.8802301269196178,0.25297105270392617,-0.4014979080355727
0.7017200601956723,0.46779399908499064,-0.12886463027844522,0.32013894485475725,-0.9399877217892637,0.11804295350723926,-0.34951359100155066,-0.23299941065327334,-0.9074973963270793,0.8805403487021385,0.24926764234584636,-0.4031306696182514
0.70208008414881,0.46673149078700116,-0.12873041982068026,0.31716480858872725,-0.940807816787642,0.11952880851136434,-0.35150827232551857,-0.23367701729547866,-0.9065522522583117,0.8808225807048801,0.2455111065902296,-0.40481585673147225
0.7024450688359607,0.4656432046883243,-0.12859133783293736,0.3141645616233497,-0.9416204746583363,0.1210434216478451,-0.3535633628142986,-0.23437331205705644,-0.905572801640404,0.8810752389526407,0.24170236304102494,-0.406554290353615
0.7028148735536919,0.46452896515018843,-0.12844725267424612,0.3111396698967936,-0.9424248297614408,0.12258689189971943,-0.3556797734414205,-0.23508830461450683,-0.9045581174242685,0.8812967744075626,0.23784223612007188,-0.4083467474294731
0.7031893523316378,0.4633886088252541,-0.12829803101701875,0.3080915277647764,-0.9432200515753499,0.12415935255050385,-0.3578583889797869,-0.2358219738054035,-0.9035072606832304,0.8814856686052006,0.23393146640996787,-0.4101939603003981
0.7035683540818061,0.46222198487653465,-0.12814353785940646,0.30502146595010643,-0.9440053413489724,0.12576096697409128,-0.3601000667213118,-0.23657426691869687,-0.9024192807000457,0.8816404296860229,0.2299707193024616,-0.4120966161066523
0.7039517227573877,0.4610289551892385,-0.127983636541814,0.3019307588690328,-0.9447799290710032,0.12739192467876495,-0.36240563518668184,-0.23734509902235368,-0.9012932150831974,0.8817595887960095,0.22596059301271848,-0.41405535616827016
0.7043392975210527,0.45980939457519654,-0.12781818876786086,0.2988206313849802,-0.9455430707335942,0.1290524375839797,-0.36477589282607314,-0.23813435233034155,-0.9001280899145132,0.8818416968320465,0.2219016260145338,-0.4160707753501597
0.7047309129226815,0.4585631909695255,-0.12764705463007348,0.2956922650355936,-0.9462940458694052,0.13074273651041696,-0.3672116067117806,-0.23894187561100352,-0.8989229199300951,0.8818853215097034,0.21779430394665417,-0.4181434214167664
0.7051263990864641,0.4572902456191838,-0.12747009264058892,0.29254680377479536,-0.9470321553425776,0.13246306786551287,-0.3697135112238075,-0.239767483638823,-0.8976767087365419,0.8818890447327912,0.213639066035917,-0.4202737943812179
0.7055255819072781,0.4559904732630655,-0.12728715976714708,0.28938535926768033,-0.9477567193756404,0.1342136905082309,-0.3722823067295431,-0.24061095669154664,-0.896388449064416,0.8818514602457979,0.2094363110788156,-0.42246234585351117
0.705928283256223,0.45466380230328396,-0.12709811147463945,0.28620901577255603,-0.9484670757957365,0.13599487277831276,-0.37491865825880133,-0.24147204009464662,-0.895057123060841,0.8817711715518517,0.20518640301933747,-0.42470947839206646
0.7063343211951696,0.4533101749672952,-0.12690280177247917,0.283018834641228,-0.949162578484841,0.13780688967656665,-0.3776231941755583,-0.24235044381502158,-0.8936817026230932,0.8816467900803415,0.2008896761575124,-0.4270155448626664
0.7067435102001566,0.45192954746050357,-0.12670108326804508,0.27981585846568685,-0.9498425960198459,0.13965002018399633,-0.38039650484788456,-0.24324584210582123,-0.8922611497749654,0.8814769335896567,0.196546440019934,-0.42938084780863983
0.7071556613934363,0.45052189010900723,-0.12649280722644501,0.2766011148967141,-0.950506510489479,0.14152454470871376,-0.3832391413176197,-0.24415787320425109,-0.8907944170876412,0.8812602247917628,0.19215698392067554,-0.43180563883590145
0.7075705827839442,0.4490871874921276,-0.126277823636832,0.27337562015748207,-0.9511537164760511,0.1434307426506179,-0.3861516139715455,-0.24508613908413315,-0.8892804481467044,0.8809952901864361,0.18772158123835542,-0.4342901180163888
0.7079880795159467,0.4476254385643819,-0.12605598128549636,0.27014038227302994,-0.9517836201909574,0.14536889007479117,-0.3891343912158132,-0.24603020526497324,-0.8877181780668758,0.8806807590940542,0.18324049343273116,-0.4368344333131829
0.7084079541255816,0.44613665676655223,-0.12582712783594147,0.2668964040344874,-0.9523956387537128,0.14733925748546142,-0.39218789815561816,-0.24698960067920317,-0.8861065340559262,0.8803152628767368,0.1787139738219572,-0.4394386800305894
0.7088300068049892,0.44462087012551377,-0.12559110991613856,0.26364468571510946,-0.952989199605084,0.14934210769318446,-0.39531251528215244,-0.24796381759923336,-0.8844444360291449,0.8798974343385025,0.1741422711396503,-0.4421029002922796
0.7092540356736939,0.4430781213424926,-0.12534777321313983,0.26038622755351587,-0.9535637400455864,0.15137769376867216,-0.398508577169021,-0.24895231162583623,-0.8827307972756331,0.879425907295874,0.16952563288902817,-0.4448270825505157
0.7096798370568744,0.44150846786942033,-0.12509696257521277,0.25712203201804834,-0.954118706891262,0.15344625707737414,-0.4017763711804384,-0.2499545017393454,-0.8809645251775544,0.8788993163110257,0.1648643085096999,-0.44761116112942306
0.7101072057701296,0.4399119819730739,-0.12483852212164026,0.25385310586478277,-0.9546535562392287,0.15554802538958007,-0.4051161361935975,-0.25096977041504587,-0.8791445219833822,0.8783162965802093,0.1601585523711211,-0.4504550158051444
0.7105359354103156,0.43828875078668383,-0.12457229536031378,0.2505804620005126,-0.9551677533360193,0.15768321106139002,-0.4085280613377891,-0.2519974638040605,-0.8772696856360129,0.8776754839706972,0.1554086266052895,-0.45335847142571445
0.7109658186520083,0.4366388763487158,-0.12429812531322448,0.2473051211608996,-0.9556607725421983,0.15985200928246576,-0.412012284752905,-0.2530368919809221,-0.8753389106565104,0.8769755151999876,0.15061480378994685,-0.4563212975733568
0.7113966475491132,0.43496247562852997,-0.12401585464993972,0.24402811341297487,-0.9561320973871558,0.16205459638696773,-0.4155688923701033,-0.2540873292589243,-0.8733510890840823,0.8762150281514176,0.1457773694923392,-0.45934320827188063
0.7118282138411125,0.43325968053865094,-0.12372532582912683,0.24075047949028805,-0.9565812207083589,0.16429112822456976,-0.419197916717527,-0.2551480145742633,-0.8713051114727244,0.8753926623206764,0.14089662468248557,-0.46242386174180194
0.7122603092634248,0.4315306379333692,-0.12342638124816538,0.23747327196813922,-0.957007644869673,0.16656173858887247,-0.42289933575407945,-0.25621815193981534,-0.8691998679448265,0.874507059388033,0.13597288802385374,-0.46556286020573856
0.7126927258613146,0.4297755095934427,-0.12311886340086553,0.23419755628564667,-0.9574108820536402,0.16886653770093693,-0.42667307173431274,-0.25729691096930973,-0.8670342493018698,0.8735568639113527,0.1310064980484612,-0.46875974974654244
0.713125256306768,0.42799447219664905,-0.12280261504328262,0.23092441162069213,-0.9577904546228827,0.1712056107460525,-0.4305189901076825,-0.2583834274725334,-0.8648071481921316,0.8725407241351537,0.12599781522247713,-0.47201402022065403
0.7135576942177293,0.4261877172739835,-0.122477479367597,0.22765493162323744,-0.9581458955459982,0.17357901646217605,-0.4344368984554061,-0.2594768041220267,-0.8625174603351904,0.871457292911171,0.12094722390768854,-0.4753251052289971
0.7139898344790644,0.4243554511512985,-0.12214330018399663,0.22439022501195116,-0.9584767488835193,0.175986785778833,-0.4384265454683229,-0.26057611119163804,-0.8601640858027936,0.8703052287259904,0.1158551342234006,-0.47869238214774146
0.714421473564596,0.4224978948762122,-0.12179992211047776,0.22113141603864941,-0.9587825703296697,0.17842892050554404,-0.4424876199692028,-0.261680387367122,-0.8577459303554772,0.8690831968314267,0.11072198381272318,-0.4821151722211644
0.7148524098595396,0.42061528413012417,-0.12144719077044756,0.21787964482461467,-0.9590629278057885,0.18090539206913903,-0.4466197499830112,-0.26278864062882684,-0.8552619068341382,0.867789870473384,0.10554823951654721,-0.48559274071874803
0.7152824439826413,0.41870786912520785,-0.12108495299798695,0.21463606757253292,-0.9593174021014154,0.18341614029956685,-0.4508225018587332,-0.26389984920634546,-0.852710936605542,0.8664239322149588,0.10033439895798181,-0.48912429715861483
0.7157113791073081,0.416775914486267,-0.1207130570506014,0.21140185665745465,-0.9595455875591238,0.18596107226405514,-0.45509537944636097,-0.2650129626048518,-0.8500919510605733,0.8649840753495718,0.09508099203950092,-0.492708995599259
0.716139021281,0.4148196991173707,-0.12033135282925991,0.20817820059993963,-0.9597470927992663,0.18854006114968777,-0.4594378233327347,-0.2661269027026568,-0.8474038931638026,0.8634690053998755,0.08978858235459065,-0.4963459350014894
0.7165651797421398,0.4128395160532074,-0.11993969210549045,0.2049663039243199,-0.959921541480866,0.19115294519468307,-0.463849210139936,-0.2672405649193626,-0.8446457190527502,0.8618774416981574,0.0844577685152655,-0.5000341596623785
0.7169896672337881,0.41083567229512374,-0.11953792875527422,0.2017673869048199,-0.9600685730949325,0.19379952666882605,-0.4683288518899374,-0.26835281945376815,-0.8418163996850301,0.8602081190439055,0.07908918539644738,-0.5037726597228879
0.7174123003133112,0.4088084886318469,-0.11912591899944755,0.19858268520215633,-0.9601878437865181,0.19647957090369106,-0.4728759954392399,-0.2694625125905562,-0.838914922531321,0.858459789434106,0.07368350529787107,-0.5075603717507596
0.7178328996572725,0.40675829944491027,-0.11870352165029224,0.19541344939309108,-0.9602790272018601,0.19919280537344508,-0.47748982198721596,-0.2705684680745395,-0.835940293311917,0.8566312238617682,0.06824143902385355,-0.5113961794001233
0.7182512903607641,0.4046854524988437,-0.11827059836396685,0.19226094439536176,-0.9603418153569726,0.20193891882714896,-0.4821694466618237,-0.2716694885510731,-0.8328915377744146,0.8547212141780701,0.06276373688104073,-0.5152789141491171
0.7186673022303912,0.40259030871620716,-0.117827013898397,0.18912644879034854,-0.9603759195240584,0.20471756047362175,-0.4869139181863819,-0.27276435707107044,-0.8297677035098383,0.8527285750133727,0.057251189593969784,-0.5192073561167428
0.7190807700701296,0.40047324193759476,-0.11737263637622089,0.18601125404581317,-0.9603810711321248,0.2075283392200131,-0.4917222186309528,-0.2738518386587914,-0.8265678618043729,0.8506521457522797,0.05170462913813599,-0.5231802349599327
0.7194915339592646,0.39833463866675245,-0.11690733755234893,0.18291666364105974,-0.9603570226781816,0.2103708229653578,-0.49659326325191777,-0.2749306819404434,-0.8232911095235841,0.8484907925577241,0.04612492949004178,-0.5271962308517615
0.7198994395216366,0.3961748978009979,-0.1164309930856756,0.1798439920968783,-0.9603035486454077,0.21324453795043638,-0.501525900423148,-0.2759996208313791,-0.8199365710258846,0.8462434104389874,0.04051300729360991,-0.5312539755414725
0.720304338185416,0.3939944303471611,-0.11594348281444923,0.17679456391270104,-0.9602204464246591,0.21614896816535184,-0.506518911662137,-0.27705737627949284,-0.8165034001017557,0.8439089253583719,0.034869822442219645,-0.5353520534968798
0.7207060874326441,0.39179365912329617,-0.11544469103477989,0.17376971241345143,-0.9601075372357037,0.21908355481628006,-0.5115710117543201,-0.27810265806220724,-0.8129907819350699,0.8414862963711338,0.029196378575546675,-0.5394890031295037
0.7211045510377893,0.3895730184464553,-0.11493450678173987,0.17077077850867986,-0.9599646670445559,0.22204769585288311,-0.5166808489786592,-0.27913416663424295,-0.8093979350826752,0.8389745177931398,0.023493723490363622,-0.5436633181025984
0.7214995992945796,0.38733295380684096,-0.11441282411248553,0.16779910936665776,-0.9597917074732918,0.22504074555790893,-0.5218470054374574,-0.2801505950231561,-0.805724113468208,0.8363726213905587,0.017762949464397635,-0.5478734487220663
0.7218911092303952,0.3850739215287035,-0.11387954239080611,0.1648560570062621,-0.9595885566987353,0.22806201420049346,-0.5270679974931515,-0.28115063076942964,-0.8019686083859586,0.8336796785857907,0.012005193492399507,-0.5521178034100176
0.7222789648075228,0.38279638841836483,-0.11333456657248168,0.16194297680957984,-0.9593551403364073,0.23111076775469375,-0.5323422763146786,-0.2821329579077166,-0.7981307505104341,0.8308948026736949,0.00622163743355711,-0.5563947502605385
0.7226630571105991,0.3805008313998045,-0.11277780749081166,0.15906122595834868,-0.9590914123061561,0.23418622768474207,-0.537668228535794,-0.28309625898563046,-0.7942099119071242,0.8280171510420592,0.0004135080694838978,-0.5607026186770204
0.723043284519595,0.37818773713826326,-0.11220918214165404,0.15621216179749217,-0.9587973556759031,0.23728757079849305,-0.5430441770275158,-0.2840392171163034,-0.7902055080398172,0.8250459273901437,-0.0054179229279406335,-0.5650397010901843
0.7234195528677294,0.37585760165236143,-0.11162861396730128,0.15339714012918357,-0.9584729834799769,0.24041392917046162,-0.5484683817865864,-0.2849605180607409,-0.7861169997697272,0.8219803839390518,-0.011271339119467873,-0.5694042547556728
0.7237917755837237,0.3735109299152588,-0.111036033138496,0.15061751344105587,-0.9581183395085408,0.24356439013581233,-0.5539390409416571,-0.28585885233584274,-0.7819438953415212,0.8188198236275612,-0.01714537951261834,-0.5737945036299127
0.7241598738178523,0.3711482354454172,-0.11043137683388131,0.14787462907236543,-0.9577334990646734,0.2467379963565554,-0.5594542918785707,-0.2867329173437805,-0.777685752351277,0.8155636022870059,-0.02303863886738551,-0.5782086403226614
0.7245237765512792,0.3687700398875541,-0.10981458951616294,0.1451698273220968,-0.957318569685719,0.24993374596112794,-0.5650122124858662,-0.2875814195182882,-0.7733421796912882,0.8122111307887249,-0.028949668093699078,-0.5826448281244464
0.7248834206882131,0.36637687258441465,-0.10918562320425351,0.142504439503209,-0.9568736918255935,0.25315059275841234,-0.5706108225213129,-0.28840307648324554,-0.7689128394665743,0.8087618771575642,-0.03487697474063047,-0.5871012031068533
0.7252387511304541,0.363969270140005,-0.10854443774065782,0.13987978594740377,-0.9563990394948149,0.2563874465271343,-0.5762480850999834,-0.2891966192188337,-0.7643974488778722,0.8052153686448806,-0.04081902357715725,-0.5915758762933937
0.7255897208339578,0.361547775974969,-0.10789100105335231,0.13729717396500626,-0.9558948208551183,0.25964317338143883,-0.5819219083040262,-0.28996079423040294,-0.7597957820658617,0.8015711937545057,-0.04677423726406543,-0.5960669358984289
0.7259362908470822,0.3591129398748126,-0.10722528941141066,0.13475789576474045,-0.9553612787656218,0.2629165962132768,-0.5876301469139773,-0.29069436571507423,-0.7551076719113428,0.7978290042151368,-0.05274099711634614,-0.6005724496313969
0.726278430330242,0.35666531753169883,-0.1065472876736202,0.13226322633836896,-0.9547986912776211,0.2662064952120956,-0.5933706042610919,-0.29139611772103297,-0.7503330117860578,0.7939885168926513,-0.05871764395521921,-0.6050904670633608
0.7266161165567412,0.35420547008056974,-0.10585698952934178,0.12981442131536572,-0.9542073720752332,0.2695116084621108,-0.5991410341998114,-0.2920648562943491,-0.7454717572488857,0.7900495156359107,-0.06470247904863083,-0.609619022052646
0.7269493348946148,0.3517339636303551,-0.10515439773086122,0.12741271479295577,-0.9535876708592362,0.27283063261728085,-0.6049391431991279,-0.29269941160813684,-0.7405239276821213,0.7860118530496815,-0.07069376513885242,-0.614156135226132
0.72727807876936,0.3492513687910688,-0.10443952431649466,0.12505931714704957,-0.9529399736716208,0.2761622236538596,-0.6107625925512024,-0.2932986400687813,-0.7354896078626384,0.781875452188421,-0.07668972755548346,-0.6186998165125137
0.7276023496075048,0.34675826019758205,-0.10371239082371053,0.12275541282973677,-0.952264703158527,0.2795049977002264,-0.616609000695246,-0.2938614263939534,-0.73036894946275,0.777640308164778,-0.08268855541194264,-0.6232480677236596
0.7279221567610082,0.3442552160309039,-0.102973028491549,0.1205021581591839,-0.9515623187694301,0.28285753194342256,-0.6224759456542492,-0.29438668565710485,-0.7251621724756973,0.7733064896668249,-0.08868840288318512,-0.6277988851799617
0.7282375174125593,0.34174281753778396,-0.10222147845162835,0.1183006791078909,-0.9508333168906242,0.2862183656116179,-0.6283609675817825,-0.2948733652931451,-0.7198695665607634,0.7688741403781882,-0.09468739056215124,-0.6323502623753965
0.7285484564618949,0.33922164854948134,-0.10145779190704754,0.11615206909540508,-0.9500782309112579,0.2895860010314568,-0.6342615714156797,-0.29532044706001603,-0.7144914923031516,0.7643434802954552,-0.10068360689211973,-0.6369001926778044
0.728855006393319,0.3366922950005402,-0.10068203029851233,0.11405738679169286,-0.9492976312204012,0.29295890475898695,-0.6401752296350219,-0.2957269489509391,-0.7090283823838899,0.7597148069374435,-0.10667510967186136,-0.6414466720597274
0.7291572071246702,0.33415534444840755,-0.09989426545703231,0.11201765393744793,-0.9484921251338367,0.2963355087826102,-0.6460993851164826,-0.29609192705214343,-0.703480742655157,0.7549884964411401,-0.11265992763022024,-0.6459877018549968
0.7294551058380444,0.33161138559475156,-0.0990945797425643,0.11003385318771251,-0.9476623567495135,0.29971421179620866,-0.6520314540856458,-0.2964144773409913,-0.6978491531166499,0.7501650045394169,-0.11863606206640818,-0.6505212915360664
0.7297487567926408,0.32906100780930436,-0.09828306616800103,0.10810692598519979,-0.9468090067308507,0.3030933805403385,-0.6579688291585942,-0.29669373741948984,-0.6921342687887398,0.7452448674158711,-0.12460148855208211,-0.6550454615069904
0.7300382211201641,0.3265048006570779,-0.09745982850793625,0.10623777046977127,-0.9459327920173244,0.30647135120908375,-0.6639088824686378,-0.29692888817831614,-0.6863368204784246,0.740228702432469,-0.13055415869093676,-0.6595582459067927
0.7303235666032685,0.3239433534297713,-0.0966249813916656,0.10442723943051385,-0.9450344654620401,0.3098464309198969,-0.6698489688727274,-0.2971191553866186,-0.680457615434265,0.7351172087259732,-0.1364920019313172,-0.6640576954178872
0.7306048674375989,0.32137725468218525,-0.09577865037992321,0.10267613830683321,-0.9441148153962636,0.31321689924343965,-0.6757864292317033,-0.2972638112029979,-0.6744975378867832,0.7299111676695049,-0.14241292742706846,-0.6685418800740851
0.7308822039780334,0.3188070917744461,-0.0949209720248834,0.10098522324496417,-0.9431746651211513,0.316581009790178,-0.6817185937582297,-0.2973621756032773,-0.6684575494710098,0.7246114431959149,-0.1483148259416089,-0.6730088920626858
0.7311556624697935,0.3162334504208173,-0.09405209391300065,0.09935519921620772,-0.9422148723272031,0.3199369918501765,-0.6876427854259105,-0.29741361772083835,-0.6623386895281735,0.7192189819800385,-0.15419557178996857,-0.6774568485150636
0.7314253347651418,0.3136569142458622,-0.0931721746903008,0.09778671820312863,-0.9412363284422455,0.3232830520822635,-0.6935563234327724,-0.2974175570955294,-0.6561420752838084,0.7137348134773009,-0.16005302481330635,-0.6818838942801286
0.7316913180264365,0.31107806434869745,-0.09228138406977673,0.09628037745982405,-0.9402399579090245,0.3266173762484623,-0.6994565267120282,-0.2973734648273897,-0.6498689018998363,0.7081600498165225,-0.16588503238022756,-0.6862882046750267
0.7319537144163686,0.30849747887604956,-0.0913799028205919,0.0948367178522267,-0.9392267173937875,0.32993813098929237,-0.7053407174827302,-0.2972808646316503,-0.6435204423985347,0.7024958855452212,-0.17168943140900858,-0.6906679882074215
0.732212630776248,0.30591573260479765,-0.0904679227388339,0.09345622228424269,-0.9381975949274926,0.3332434656353021,-0.7112062248327047,-0.29713933379179114,-0.637098047456577,0.6967435972261035,-0.17746405040469151,-0.6950214892637424
0.7324681782932562,0.3033333965346555,-0.08954564659961589,0.09213931421531406,-0.9371536089815827,0.336531514049912,-0.7170503883259001,-0.2969485040076472,-0.6306031450677172,0.6909045428838977,-0.18320671150483284,-0.6993469907577907
0.7327204721576199,0.30075103749161625,-0.08861328809036596,0.09088635627479481,-0.9360958074805211,0.33980039649841826,-0.7228705616260959,-0.2967080621359086,-0.6240372400729995,0.6849801613021094,-0.18891523252756737,-0.7036428167341662
0.7329696312106999,0.2981692177427411,-0.08767107172520032,0.08969764897825583,-0.9350252667535557,0.34304822153775344,-0.7286641161287296,-0.2964177508206395,-0.6174019135577494,0.6789719711697317,-0.19458742901553328,-0.7079073349210431
0.7332157775850258,0.2955884946228391,-0.0867192327403224,0.08857342955058053,-0.933943090428442,0.3462730879213967,-0.7344284445924584,-0.2960773690117487,-0.6106988221149466,0.6728815700783837,-0.20022111626911826,-0.7121389592269177
0.7334590363373389,0.2930094201735476,-0.085758016970447,0.08751387086040012,-0.9328504082700995,0.3494730865135942,-0.7401609647619191,-0.2956867723697074,-0.6039296969749791,0.6667106333708309,-0.2058141113623986,-0.716336152176038
0.7336995350757274,0.29043254079527636,-0.08478768070629639,0.08651908047011117,-0.9317483749674155,0.35264630220688115,-0.7458591229731056,-0.2952458735551159,-0.5970963430020872,0.6604609128422333,-0.21136423513512642,-0.7204974272773962
0.7339374035819671,0.28785839691244086,-0.08380849053327098,0.08558909980536274,-0.9306381688716401,0.3557908158367054,-0.751520397732659,-0.2947546424020927,-0.5902006375582463,0.6541342352959778,-0.21686931415406663,-0.7246213513222551
0.7341727734302008,0.285287522652361,-0.08282072315145071,0.08472390344753708,-0.9295209906900211,0.3589047060868022,-0.7571423032623708,-0.2942131059747893,-0.5832445292355684,0.6477325009563475,-0.22232718263700713,-0.7287065466053714
0.7344057776030972,0.28272044553816067,-0.08182466517713238,0.08392339855237595,-0.9283980621385299,0.3619860513788361,-0.7627223930001844,-0.2936213485067154,-0.5762300364586787,0.6412576817407267,-0.2277356843327818,-0.7327516930652487
0.7346365501066481,0.28015768619595344,-0.08082061292616624,0.08318742439748954,-0.9272706245577018,0.3650329317397012,-0.7682582630489972,-0.29297951122290833,-0.5691592459589173,0.6347118193944788,-0.2330926743506865,-0.736755530338928
0.7348652255847663,0.27759975807655357,-0.07980887217940212,0.08251575206107367,-0.9261399374957813,0.3680434306397898,-0.7737475555646438,-0.29228779204533734,-0.5620343111225504,0.6280970234920189,-0.23839602093275822,-0.7407168597270446
0.735091938934846,0.2750471671919078,-0.07878975793061159,0.08190808423373196,-0.9250072772634939,0.371015636795456,-0.779187962074509,-0.2915464451823149,-0.5548574502155746,0.6214154693080413,-0.24364360716245656,-0.7446345460650703
0.7353168249254483,0.27250041186638435,-0.07776359411729722,0.08136405516484994,-0.9238739354648938,0.37394764592886587,-0.7845772267183728,-0.2907557806030329,-0.5476309444880083,0.614669395563207,-0.24883333260343243,-0.7485075194969195
0.7355400178172635,0.26995998250302433,-0.0767307133348569,0.08088323074452006,-0.9227412175088272,0.37683756247839195,-0.789913149403208,-0.2899161633987087,-0.5403571361609637,0.6078611020490075,-0.25396311486217954,-0.7523347771472921
0.7357616509884953,0.2674263613647917,-0.0756914565346108,0.08046510872154787,-0.9216104411056242,0.3796835012527226,-0.7951935888638765,-0.28902801303217385,-0.5330384263000763,0.6009929471368344,-0.2590308910685562,-0.7561153846894084
0.7359818565657861,0.26490002237083726,-0.07464617270625246,0.08010911905761992,-0.9204829347536861,0.38248358902187346,-0.8004164656218473,-0.288091802478097,-0.5256772725792427,0.5940673451766579,-0.2640346192683117,-0.7598484778050131
0.7362007650617958,0.26238143090771315,-0.07359521854532412,0.07981462441721456,-0.919360036220651,0.38523596603835164,-0.805579764834342,-0.28710805725635447,-0.5182761869389022,0.5870867637909962,-0.2689722797219914,-0.7635332635337965
0.7364185050205082,0.2598710436554569,-0.07253895810636339,0.07958092079239706,-0.9182430910238252,0.3879387874817952,-0.81068153902657,-0.2860773543614033,-0.5108377331434042,0.5800537210701661,-0.27384187610479027,-0.7671690215096428
0.7366352026713161,0.2573693084284039,-0.07147776244240515,0.07940723826115555,-0.9171334509145292,0.39059022482051814,-0.8157199107000203,-0.2850003210908435,-0.5033645242422902,0.5729707826750743,-0.2786414366021732,-0.7707551050813677
0.7368509815929056,0.254876664030543,-0.07041200923156418,0.0792927418774662,-0.9160324723709655,0.39318846708352195,-0.8206930748101233,-0.2838776337766192,-0.4958592199405927,0.5658405588540458,-0.2833690148963435,-0.7742909423158824
0.737065962387917,0.25239354012519877,-0.06934208239145673,0.0792365326908363,-0.9149415151041137,0.3957317220366884,-0.8255993011069332,-0.2827100164226558,-0.48832452388349834,0.558665701380421,-0.2880226910389012,-0.7777760368819755
0.7372802623693229,0.24992035711876567,-0.06826837168225444,0.07923764889259886,-0.9138619405810641,0.39821821725705253,-0.8304369363328835,-0.2814982392529639,-0.4807631808609466,0.5514489004178244,-0.2926005722053407,-0.7812099688131737
0.7374939952594193,0.2474575260582025,-0.06719127229919225,0.07929506708582751,-0.9127951105700484,0.40064620109925847,-0.8352044062720574,-0.28024311717452405,-0.4731779739379739,0.5441928813202118,-0.29710079332731393,-0.7845923951483895
0.7377072709022752,0.2450054485419339,-0.06611118445538017,0.07940770367528742,-0.9117423857112685,0.4030139435485355,-0.8399002176458573,-0.27894550815949753,-0.4655717215167617,0.5369004013739039,-0.30152151759893375,-0.7879230504493295
0.7379201949904421,0.24256451664379666,-0.06502851295579525,0.07957441637344728,-0.9107051241174258,0.4053197369547768,-0.8445229598503745,-0.27760631155154636,-0.45794727433658616,0.5295742464889961,-0.3058609368536785,-0.7912017471938508
0.738132868806661,0.24013511284961322,-0.06394366676334537,0.07979400581819104,-0.9096846800076264,0.40756189664259457,-0.849071306531268,-0.27622646630123143,-0.4503075124179253,0.5222172278475423,-0.31011727180883836,-0.7944283760447326
0.7383453889812579,0.2377176100059621,-0.06285705855792213,0.08006521729748811,-0.9086824023781025,0.40973876139250776,-0.8535440169923916,-0.27480694913565734,-0.44265534195719825,0.5148321785160654,-0.3142887721747511,-0.7976029059935085
0.7385578472658572,0.23531237128067514,-0.06176910428936656,0.08038674257594568,-0.9076996337128941,0.41184869378875855,-0.8579399374349389,-0.2733487726676851,-0.43499369217863776,0.5074219500299153,-0.3183737166264645,-0.8007253843792451
0.7387703303239774,0.23291975013458155,-0.06068022272529178,0.08075722181784074,-0.9067377087373524,0.4138900804295755,-0.8622580020243482,-0.2718529834501888,-0.4273255121499423,0.499989408957073,-0.32237041263578725,-0.8037959367823335
0.738982919539019,0.230540090303975,-0.05959083499470466,0.0811752456009326,-0.9057979532169814,0.4158613319960817,-0.8664972337827572,-0.27032065998092897,-0.41965376756834266,0.49253743344892875,-0.3262771961621008,-0.806814766793556
0.7391956908400844,0.22817372579328374,-0.058501364128382145,0.0816393570150903,-0.9048816828037929,0.4177608831764154,-0.870656745305279,-0.2687529106637304,-0.4119814375238178,0.48506890978559014,-0.33009243120063964,-0.8097821556588352
0.7394087145460086,0.22582098087739583,-0.05741223459695466,0.08214805383952833,-0.9039902019319643,0.4195871924420289,-0.8747357392989203,-0.26715087173171903,-0.40431151124615977,0.4775867289231863,-0.33381450918734595,-0.8126984618002315
0.7396220552279095,0.22348217011307553,-0.05632387184764467,0.08269979079223692,-0.9031248027641913,0.4213387416735621,-0.8787335089434933,-0.2655157051384249,-0.3966469848425682,0.4700937830505481,-0.3374418482597934,-0.8155641202138793
0.7398357715905062,0.22115759835890678,-0.055236701840610344,0.08329298184500421,-0.9022867641896997,0.42301403563410156,-0.8826494380743714,-0.263848596422573,-0.3889908580324671,0.4625929621625956,-0.34097289237404094,-0.8183796417456364
0.7400499163723814,0.21884756080318135,-0.05415115058582685,0.08392600259729018,-0.9014773508744366,0.4246116012881037,-0.886483001187503,-0.2621507525524114,-0.3813461308861046,0.45508715065758254,-0.34440611027769585,-0.8211456122453256
0.740264536265298,0.21655234299915482,-0.0530676436814328,0.08459719270208971,-0.900697812363489,0.4261299869647179,-0.8902337632675912,-0.2604233997553842,-0.3737158005734702,0.447579223965264,-0.3477399943398408,-0.8238626916004752
0.7404796718526203,0.21427222090707987,-0.05198660585444909,0.08530485833683435,-0.8999493822352921,0.4275677613647325,-0.8939013794408729,-0.25866778133893276,-0.3661028581299235,0.44007204521286897,-0.350973059238897,-0.8265316126505097
0.7406953575668116,0.21200746094244374,-0.05090846050476394,0.08604727471234264,-0.8992332773066779,0.4289235124108609,-0.8974855944544404,-0.25688515550813706,-0.3585102852448166,0.4325684619356088,-0.354103840509887,-0.8291531799823301
0.7409116216659295,0.20975832002982375,-0.04983362925325204,0.0868226886127932,-0.8985506968872863,0.43019584594161075,-0.9009862419845428,-0.2550767931858352,-0.3509410510792396,0.4250713028382612,-0.3571308929529941,-0.8317282686081918
0.7411284862289658,0.20752504566179086,-0.048762531494875104,0.08762932095971908,-0.8979028220813149,0.431383384249497,-0.9044032437767913,-0.2532439758407373,-0.34339810911883883,0.41758337461416783,-0.3600527889057197,-0.8342578225267395
0.7413459671698176,0.20530787596230188,-0.047695583957583824,0.08846536939306265,-0.8972908151340148,0.43248476446492823,-0.9077366086216604,-0.25138799332895867,-0.33588439406749176,0.41010745882779986,-0.36286811638138583,-0.8367428531679427
0.7415640742696237,0.20310703975402342,-0.04663320026781094,0.08932901086239993,-0.8967158188197638,0.43349863678764405,-0.9109864311691375,-0.24951014175421338,-0.328402818787401,0.4026463088668062,-0.36557547707715954,-0.8391844377225687
0.7417828112271257,0.20092275662905587,-0.0455757905233148,0.09021840422156144,-0.8961789558679413,0.43442366256819126,-0.9141528905868057,-0.24761172135179305,-0.32095627129094945,0.3952026469692511,-0.36817348425524715,-0.8415837173566566
0.7420021757266735,0.19875523702253287,-0.044523760874098386,0.09113169281999701,-0.8956813284222156,0.4352585122425258,-0.9172362490660676,-0.2456940344012415,-0.31354761178942514,0.38777916133151386,-0.3706607605013739,-0.8439418953112654
0.7422221595234266,0.1966046822885964,-0.04347751311209349,0.09206700708441073,-0.8952240175282291,0.4360018631234686,-0.9202368501816122,-0.24375838317247658,-0.30617966980347533,0.380378503302098,-0.3730359353651561,-0.8462602348875309
0.7424427485452615,0.19447128477825926,-0.042437444270261,0.09302246708436689,-0.8948080826440081,0.4366523970534131,-0.9231551171096085,-0.241806067909875,-0.2988552413398662,0.37300328466634536,-0.3752976428875067,-0.8485400573168004
0.7426639230108364,0.19235522791870432,-0.04140394623172225,0.09399618507579934,-0.8944345611667724,0.43720879792337153,-0.925991550710454,-0.23983838485864448,-0.29157708613888916,0.3656560750268545,-0.37744451902074305,-0.850782739515298
0.7428856575632264,0.1902566862935739,-0.04037740534948876,0.0949862680165984,-0.894104467969136,0.4376697490641858,-0.9287467274822482,-0.23785662433755442,-0.28434792499640005,0.3583393992841058,-0.37947519894766757,-0.8529897117224416
0.7431079214184935,0.18817582572384314,-0.039358202077325814,0.0959908200486968,-0.8938187949370091,0.4380339305164972,-0.931421297391448,-0.2358620688618692,-0.2771704371642664,0.35105573522164596,-0.38138831430649756,-0.8551624550215228
0.7433306785285174,0.1861128033488895,-0.0383467106122309,0.09700794494139212,-0.8935785105007952,0.43830001618689024,-0.9340159815874638,-0.23385599132007112,-0.27004725783261213,0.3438075111998782,-0.3831824903291996,-0.8573024987410561
0.7435538877573755,0.1840677677074022,-0.03734329854897605,0.09803574849092325,-0.8933845591507734,0.43846667089848756,-0.9365315700081743,-0.2318396532077082,-0.2629809756970141,0.3365971039623609,-0.38485634290148807,-0.8594114177346284
0.7437775030705269,0.18204085881780235,-0.036348326547106305,0.09907234087167471,-0.8932378609268217,0.4385325473452147,-0.9389689188836012,-0.22981430292142882,-0.2559741306134246,0.32942683655823723,-0.38640847555354413,-0.8614908295365764
0.744001473736023,0.18003220825786592,-0.035362148010752804,0.10011583893469285,-0.8931393108718985,0.4384962829599277,-0.9413289481451506,-0.2277811741160001,-0.24902921134332986,0.32229897638426813,-0.38783747639134464,-0.8635423913902815
0.744225744536944,0.17804193924329145,-0.03438510878156725,0.10116436844959541,-0.8930897784379602,0.4383564967076792,-0.9436126387480094,-0.22574148412684372,-0.2421486533913188,0.3152157333497387,-0.3891419149794134,-0.8655677971452851
0.7444502559942312,0.17607016670496103,-0.03341754684503959,0.10221606628630993,-0.893090106832226,0.4381117858165378,-0.9458210299144347,-0.22369643246033505,-0.2353348369368987,0.30817925816730524,-0.39032033918683007,-0.8675687740188253
0.7446749445990697,0.17411699736468703,-0.03245979205042086,0.10326908253346442,-0.8931411122909553,0.43776072245962366,-0.9479552163057765,-0.22164719935383267,-0.2285900848621186,0.30119164077272254,-0.39137127200942784,-0.8695470792167367
0.7448997430539568,0.1721825298092644,-0.03151216584442171,0.10432158255067221,-0.8932435832671366,0.4373018504033675,-0.9500163451311633,-0.2195949444071514,-0.22191666087620937,0.2942549088762152,-0.3922932083823349,-0.87150449640799
0.745124580521576,0.17026685456267848,-0.030574981018819156,0.1053717489523523,-0.8933982795177282,0.43673368163846193,-0.9520056132008465,-0.21754080528689326,-0.215316767738163,0.28737102664813385,-0.39308461199834965,-0.8734428320464394
0.7453493828805936,0.16837005415634876,-0.0296485414720569,0.10641778352115716,-0.8936059310753467,0.43605469301156097,-0.9539242639322251,-0.21548589650479968,-0.2087925455778656,0.28054189354142184,-0.3937439121491091,-0.8753639115326313
0.7455740729874768,0.16649220319731223,-0.02873314198488624,0.10745790904950088,-0.8938672370885578,0.4352633228775167,-0.9557735843165781,-0.2134313082710054,-0.20234607031610044,0.27376934325331315,-0.3942695006076367,-0.877269575207789
0.7457985709434397,0.16463336843429233,-0.027829068010047545,0.10849037110814952,-0.8941828645142071,0.43435796779382685,-0.957554901854519,-0.2113781054228289,-0.19597935218343326,0.2670551428285902,-0.39465972857263076,-0.8791616741713545
0.7460227943656172,0.1627936088216104,-0.026936595475960626,0.10951343974124883,-0.8945534466445512,0.4333369792810138,-0.9592695814681343,-0.2093273264294653,-0.18969433433775082,0.26040099190669413,-0.39491290369681015,-0.8810420659127257
0.7462466586615679,0.1609729755809408,-0.0260559906043466,0.110525411087655,-0.8949795814512875,0.4321986606749069,-0.9609190223977037,-0.20727998247270865,-0.18349289157990586,0.25380852211489346,-0.3950272872237967,-0.882912609747115
0.7464700773062204,0.1591715122609217,-0.02518750974167135,0.11152460892887932,-0.8954618297280043,0.4309412640992222,-0.9625046550908021,-0.20523705660358585,-0.1773768291666997,0.24727929660971742,-0.39500109126035526,-0.8847751620447604
0.7466929621203781,0.1573892547946709,-0.02433139920426378,0.11250938616444438,-0.8960007130120381,0.42956298758950295,-0.9640279380914769,-0.20319950297455702,-0.17134788172016754,0.2408148097688253,-0.39483247621340933,-0.8866315712420759
0.7469152235499116,0.1556262315552738,-0.02348789513693037,0.11347812621592229,-0.8965967112662919,0.4280619724023529,-0.9654903549370458,-0.20116824614671364,-0.1654077122319041,0.23441648703549067,-0.3945195484240607,-0.8884836726227527
0.7471367709447858,0.15388246340933215,-0.02265722338485481,0.11442924436141666,-0.8972502603012341,0.42643630054703674,-0.9668934110699134,-0.1991441804711897,-0.15955791116094933,0.22808568491788864,-0.39406035803392575,-0.8903332828563201
0.7473575128370771,0.15215796376868881,-0.02183959937854205,0.11536118900276106,-0.897961748917104,0.42468399257990075,-0.9682386307716214,-0.19712816954381787,-0.1537999956235356,0.22182369114538913,-0.39345289712243803,-0.8921821942813
0.7475773572171632,0.1504527386404612,-0.021035228031540707,0.1162724428681975,-0.8987315157463087,0.4228030057057353,-0.969527554126155,-0.1951210457318528,-0.14813540867282193,0.21563172498409772,-0.3926950981574005,-0.8940321689198505
0.7477962118072841,0.14876678667552906,-0.020244303650650972,0.11716152415382988,-0.8995598457761602,0.4207912322341357,-0.9707617340193169,-0.1931236097714231,-0.1425655186665561,0.209510937713907,-0.39178483280497967,-0.895884932210724
0.7480139843316982,0.14710009921565115,-0.01946700985830375,0.11802698760767275,-0.9004469665324776,0.4186464984431586,-0.9719427331807506,-0.1911366304341977,-0.1370916187204489,0.20346241326935616,-0.39071991114956023,-0.8977421664475216
0.7482305827826802,0.1454526603393888,-0.01870351952677366,0.11886742556066539,-0.9013930439052554,0.4163665639070914,-0.9730721212749527,-0.18916084426161794,-0.1317149262448849,0.19748716904660735,-0.3894980813783942,-0.899605503909634
0.7484459156816374,0.1438244469070332,-0.017953994723874808,0.11968146890955474,-0.9023981775985805,0.4139491213499697,-0.9741514720473582,-0.18719695536488173,-0.12643658256249868,0.19158615687887356,-0.38811702999079944,-0.901476519673976
0.748659892334649,0.142215428604748,-0.01721858666976791,0.12046778805714382,-0.9034623961883363,0.41139179709159096,-0.9751823605313159,-0.1852456352887657,-0.12125765260399941,0.18576026418260094,-0.38657438259679244,-0.9033567240966988
0.7488724230817589,0.14062556798814316,-0.01649743570449558,0.12122509381595946,-0.9045856517730458,0.408692152158132,-0.9761663603214908,-0.18330752293724276,-0.11617912467954636,0.18001031527666728,-0.3848677053754266,-0.9052475549555761
0.7490834195393905,0.13905482052550958,-0.01579067126585249,0.1219521382819934,-0.9057678142055049,0.40584768413510924,-0.9771050409189407,-0.18138322455875577,-0.11120191032290488,0.17433707287678366,-0.38299450726877254,-0.9071503692457527
0.749292794835278,0.13750313464094913,-0.015098411877185355,0.12264771568576843,-0.9070086648957405,0.402855829846248,-0.977999965152819,-0.1794733137889238,-0.10632684420553064,0.16874123976712874,-0.3809522429933557,-0.9090664346241059
0.749500463835348,0.1359704517576427,-0.014420765144714154,0.12331066322859212,-0.9083078901793744,0.39971396894781935,-0.9788526866833515,-0.17757833174837925,-0.10155468411770524,0.16322346065106294,-0.37873831695691434,-0.9109969205006869
0.7497063433620152,0.13445670634149487,-0.013757827763958837,0.12393986191246566,-0.9096650742497594,0.3964194285340951,-0.9796647475904207,-0.1756987871933668,-0.09688611101379464,0.15778432418246202,-0.3763500881745076,-0.9129428887796455
0.7499103524033923,0.1329618259454149,-0.013109685534854556,0.12453423737275102,-0.9110796916573703,0.39296948885568495,-0.9804376760517789,-0.1738351567167057,-0.09232172911869409,0.15242436517884683,-0.3737848762841929,-0.9149052842568111
0.7501124123129532,0.13148573125446658,-0.012476413385139225,0.12509276072327022,-0.9125510993859904,0.3893613902585243,-0.9811729841145921,-0.17198788499664236,-0.08786206609252988,0.14714406701697857,-0.37103996876859763,-0.9168849246867903
0.7503124469992196,0.13002833613215095,-0.011858075401596727,0.1256144494241462,-0.9140785285223021,0.38559234145710336,-0.9818721655636894,-0.17015738509113537,-0.08350757325068116,0.14194386421095992,-0.36811262949462886,-0.918882490539139
0.7505103831050838,0.128589547668056,-0.011254724868745593,0.12609836818322306,-0.9156610755436984,0.3816595292609444,-0.9825366938895731,-0.16834403877506013,-0.0792586258362366,0.13682414517209956,-0.36500010868910504,-0.9208985144709844
0.7507061501764103,0.12716926622712207,-0.010666404314565607,0.12654362990245482,-0.9172976932585523,0.37756012987820853,-0.9831680203589167,-0.16654819691784165,-0.0751155233420113,0.13178525514881767,-0.36169965447309316,-0.9229333705525042
0.7508996808196043,0.1257673855007659,-0.010093145562865741,0.12694939668111593,-0.9189871814439066,0.3732913219244253,-0.9837675721899538,-0.16477017989902484,-0.07107848987933622,0.12682749934373283,-0.3582085260819839,-0.9249872632919808
0.7510909108478654,0.1243837925600878,-0.009534969791902506,0.12731488088807177,-0.9207281772376827,0.3688503012673712,-0.9843367508348324,-0.163010278059283,-0.06714767459086274,0.12195114620363859,-0.3545240089015265,-0.9270602165188674
0.7512797794158859,0.12301836791139603,-0.008991887598870457,0.12763934631564755,-0.9225191453560581,0.36423429784088496,-0.9848769303706942,-0.1612687521844229,-0.06332315210472152,0.11715643087646832,-0.350643431451963,-0.9291520621964307
0.7514662291427888,0.12167098555426778,-0.008463899069898185,0.12792210942779528,-0.9243583682217508,0.359440594560444,-0.9853894560009101,-0.15954583401995187,-0.05960492302745201,0.11244355882741201,-0.3465641844526066,-0.9312624292501691
0.7516502062231383,0.1203415130423515,-0.007950993855197808,0.12816254071523,-0.926243936105501,0.3544665484713694,-0.9858756426675872,-0.15784172681381198,-0.05599291447322395,0.10781270960415036,-0.3422837420974338,-0.9333907325143038
0.7518316605258898,0.11902981154712092,-0.00745315124902607,0.12836006617003284,-0.928173737401095,0.3493096142560464,-0.9863367737761571,-0.15615660588495303,-0.05248698062694418,0.10326404073861606,-0.337799685667963,-0.9355361619162345
0.752010545681185,0.11773573592476677,-0.006970340274138705,0.12851416889171474,-0.9301454491737068,0.3439673702192043,-0.9867741000325333,-0.1544906192154435,-0.04908690333900497,0.09879769176987768,-0.3331097296025324,-0.9376976720377801
0.7521868191549347,0.11645913478640585,-0.006502519770426376,0.12862439083600374,-0.9321565281420386,0.3384375468594579,-0.9871888383930354,-0.15284388806388938,-0.04579239274948153,0.09441378836947767,-0.3282117501304517,-0.9398739722122481
0.7523604423111613,0.11519985057177995,-0.006049638487449888,0.12869033471647928,-0.9342042022764716,0.33271805812059824,-0.9875821711269692,-0.15121650759800087,-0.04260308793978797,0.09011244654708954,-0.3231038165649627,-0.94206351733758
0.7525313804621128,0.11395771962660237,-0.005611635180596625,0.12871166606767864,-0.9362854632179269,0.3268070353968445,-0.9879552449914686,-0.1496085475442006,-0.03951855760983541,0.08589377691037715,-0.31778422532987166,-0.9442644996077972
0.7526996029061932,0.11273257228369127,-0.00518843871061271,0.12868811547625084,-0.9383970597449676,0.32070286434201195,-0.9883091705179113,-0.14802005285225414,-0.036538300778962744,0.08175788894882981,-0.312251536770623,-0.9464748413872475
0.7528650829537868,0.11152423294802705,-0.004779968146273345,0.12861948098422946,-0.9405354925393333,0.3144042245026952,-0.9886450214089539,-0.146451044372963,-0.03366174750896723,0.07770489530677241,-0.30650461477090707,-0.9486921894742791
0.7530277979410839,0.11033252018585121,-0.004386132869979875,0.1285056306653244,-0.9426970105219734,0.3079101317596442,-0.9889638340449491,-0.14490151954706218,-0.030888259647745556,0.07373491600606484,-0.30054266916011546,-0.9509139110222817
0.7531877292320523,0.10915724681791072,-0.004006832686089855,0.12834650537131911,-0.9448776090519345,0.301219983519138,-0.9892666070982553,-0.14337145310352176,-0.028217131592182077,0.06984808257408251,-0.29436530085471085,-0.9531370914057641
0.7533448622087267,0.10799822001693868,-0.003641957931802742,0.1281421216411345,-0.947073030298293,0.2943336065469201,-0.9895543012536901,-0.1418607977655443,-0.0256475910690334,0.06604454202755684,-0.287972549627446,-0.9553585343364231
0.7534991862500174,0.10685524140945796,-0.003291389590451074,0.12789257475981675,-0.9492787661096221,0.28725130728109494,-0.9898278390331317,-0.14036948496264534,-0.023178799932754054,0.062324460657960434,-0.2813649443422457,-0.957574764547907
0.7536506946992731,0.10572810718195949,-0.002954999407055238,0.12759804194861377,-0.9514900637150848,0.2799739243971546,-0.9900881047220417,-0.1388974255472628,-0.020809854979262236,0.05868802755924867,-0.2745435554293825,-0.9597820333770571
0.7537993848208547,0.10461660819151944,-0.0026326500060303956,0.12725878566041465,-0.9537019345948454,0.27250288332838984,-0.9903359443954491,-0.13744451051445175,-0.018539788774861937,0.055135457834412926,-0.26751004930561434,-0.9619763275725124
0.7539452577460107,0.10352053008088594,-0.002324195010943314,0.1268751569471456,-0.9559091668536832,0.2648402523687334,-0.9905721660407171,-0.13601061172328738,-0.01636757049960081,0.05166699541331357,-0.2602667443676861,-0.9641533816572996
0.7540883184083665,0.10243965339806324,-0.002029479166240711,0.1264475988573038,-0.9581063414190294,0.25698879990354573,-0.990797539774208,-0.13459558261869187,-0.014292106804512046,0.04828291541113721,-0.2528166681059167,-0.9663086941589751
0.7542285754693691,0.10137375372040716,-0.0017483384608844924,0.1259766498127644,-0.9602878523616522,0.24895205222813002,-0.991012798148764,-0.1331992589524796,-0.012312242682285158,0.044983525954613,-0.24516361479868043,-0.9684375479975644
0.7543660412340486,0.10032260178322674,-0.001480600253847729,0.12546294690442863,-0.9624479316024895,0.2407343513255766,-0.991218636548722,-0.13182145950249338,-0.010426762351040347,0.041769169402193,-0.2373122031601454,-0.970535035286583
0.7545007315574862,0.09928596361288619,-0.0012260834014413125,0.12490722903642573,-0.9645806782213576,0.23234091188696743,-0.9914157136690148,-0.13046198678879034,-0.008634390150995161,0.038640222884967775,-0.2292679332247473,-0.9725960867545442
0.7546326657423975,0.098263600664378,-0.0009845983864522245,0.12431033983864073,-0.9666800925214466,0.2237778767705356,-0.9916046520747306,-0.1291206277859068,-0.006933791453888907,0.03559709809737859,-0.2210372416650657,-0.9746155059325421
0.7547618664282603,0.09725526996333403,-0.0007559474490941074,0.12367323025764401,-0.9687401149268525,0.21505237001518537,-0.9917860388373495,-0.12779715463030777,-0.005323573585169769,0.03264024027116373,-0.21262755465815253,-0.9765880081770076
0.7548883594724409,0.09626072425242582,-0.0005399247197794239,0.1229969607270143,-0.970754669698675,0.20617254645110744,-0.991960426243727,-0.12649132532219465,-0.003802286759010027,0.029770126272494746,-0.20404733734222436,-0.9785082645053481
0.7550121738237864,0.09527971214210271,-0.00033631635373323885,0.1222827028099941,-0.9727177133486271,0.1971476368899728,-0.9921283325737529,-0.12520288442092586,-0.0023684250262904173,0.026987261771204803,-0.1953061388448868,-0.9803709501161253
0.7551333413891701,0.09431197826558993,-0.00014490066748551068,0.12153174020082042,-0.9746232875086634,0.18798798783317414,-0.9922902429424887,-0.12393156373334933,-0.001020427235813456,0.02429217744248301,-0.18641463181953324,-0.9821707973457015
0.7552518968934981,0.0933572634380824,3.455172272034912e-05,0.12074546896654323,-0.976465575882431,0.17870509461300202,-0.9924466102024766,-0.1226770829944302,0.00024332199098837405,0.021685424175311427,-0.17738464540249846,-0.9839026526815378
0.7553678777336916,0.09241530482004051,0.00020227776055086952,0.11992539690905184,-0.978238964762024,0.1693116268822967,-0.9925978559017932,-0.12143915053960382,0.0014244912714849972,0.01916756727833444,-0.16822919050373844,-0.9855615373111348
0.755481323827181,0.09148583608449612,0.00035852180717895057,0.11907314192801997,-0.9799381064448381,0.15982144539671367,-0.9927443712933423,-0.12021746396834111,0.002524801459006693,0.01673917969245944,-0.15896247637202213,-0.987142710538298
0.7555922774554612,0.09056858758826605,0.0005035354967946086,0.11819042926994934,-0.98155798473463,0.1502496090932582,-0.9928865183907871,-0.11901171079846712,0.003546024625314144,0.014400834239946862,-0.14959991743484957,-0.988641735249266
0.7557007831032609,0.08966328654696795,0.0006375775899601228,0.1172790875569049,-0.9830939815631606,0.14061237156136627,-0.9930246310664562,-0.11782156911082953,0.0044899830278881964,0.012153094961717535,-0.14015812950576192,-0.990054544465252
0.7558068872938988,0.08876965721371502,0.0007609138247383366,0.11634104350114002,-0.9845419436297872,0.1309271661296714,-0.9931590161864928,-0.11664670818394263,0.005358548061537583,0.009996507617338517,-0.13065491457856027,-0.9913775078807899
0.755910638421404,0.08788742106137476,0.0008738167655262876,0.1153783152288963,-0.9858982478322253,0.12121257895239045,-0.9932899547784715,-0.11548678911829631,0.006153639193847093,0.007931589444954002,-0.12110923358891441,-0.9926074971651093
0.7560120865799848,0.08701629696825747,0.000976565649517258,0.11439300415811161,-0.9871598641588398,0.11148830967228376,-0.9934177032266653,-0.1143414654500372,0.0068772228839243605,0.005958818300591647,-0.11154116671722039,-0.9937419487028923
0.7561112833914355,0.08615600140710489,0.001069446230719624,0.11338728540053224,-0.9883244146375388,0.10177511945885707,-0.9935424944901216,-0.11321038375378259,0.007531311483941013,0.0040786213167053,-0.1019718610288529,-0.9947789223774635
0.7562082818310861,0.08530624863723943,0.0011527506214643166,0.11236339668833219,-0.9893902268944547,0.0920947664658522,-0.9936645393386913,-0.11209318423435154,0.008117962122988149,0.002291363237692516,-0.09242346549412156,-0.9957171549594643
0.7563031360528841,0.08446675089972999,0.0012267771313296371,0.11132362585821085,-0.9903563808721475,0.08246992901417538,-0.9937840276021502,-0.11098950130722672,0.008639275572743927,0.0005973346045458888,-0.08291905369331677,-0.996556106662327
0.7563959012142194,0.08363721861543086,0.0012918301034215904,0.11027029696128382,-0.991222747295778,0.07292411707714155,-0.9939011294275624,-0.10989896416759426,0.009097395094518243,-0.0010032600292092797,-0.07348253478412543,-0.9972959994660631
0.7564866333010914,0.0828173605857408,0.0013482197479507117,0.10920575510382838,-0.9919900165588776,0.06348157291466991,-0.9940159965400533,-0.108821197347828,0.009494505267258535,-0.0025103136631883173,-0.0641385535797539,-0.9979378458952288
0.7565753889542216,0.08200688419593072,0.0013962619730495782,0.10813235016097207,-0.9926597168283159,0.05416716196176819,-0.9941287635021958,-0.10775582126330743,0.00983283079612378,-0.003923828011008059,-0.054912380846195846,-0.9984834670657008
0.7566622252967115,0.08120549562088503,0.001436278212788253,0.10705241954142329,-0.9932342203392718,0.045006255313744165,-0.9942395489672526,-0.10670245274648288,0.010114635301325732,-0.005243924076617407,-0.04582979516562803,-0.9989354989864738
0.7567471997638415,0.08041290003309431,0.001468595252344165,0.10596827021497754,-0.9937167370617231,0.03602460535589247,-0.994348456921572,-0.10566070556911028,0.01034222008693074,-0.0064708519790066775,-0.036916957919634924,-0.9992973863133165
0.7568303699356055,0.07962880181274792,0.0014935450502991906,0.10488216024454605,-0.9941112951645049,0.02724821624965575,-0.9944555779115084,-0.10463019095261042,0.010517922889430917,-0.007604999876733057,-0.028200283111538233,-0.999573362995085
0.7569117933725594,0.07885290475975432,0.0015114645580400284,0.10379628008953057,-0.994422707973843,0.01870321110250657,-0.9945609902503069,-0.10361051806649979,0.010644116605915683,-0.008646901867406208,-0.019706303863502715,-0.9997684195233089
0.7569915274555665,0.07808491230753165,0.001522695536248894,0.10271273396657192,-0.9946565274115191,0.010415697709236216,-0.9946647612004879,-0.10260129451487277,0.010723208001752773,-0.009597244765491597,-0.011461537485446156,-0.9998882567824172
0.7570696292300012,0.07732452773840548,0.0015275843684835891,0.10163352156610925,-0.9948189841935482,0.0024116347542853063,-0.9947669481273647,-0.10160212681092078,0.010757636397771757,-0.010456873693428322,-0.003492351015351579,-0.9999392267917813
0.7571461552549699,0.07657145440044258,0.0015264818718518387,0.10056052042831053,-0.99491691536306,-0.005283299692535763,-0.9948675996194417,-0.1006126208394793,0.010749872336984767,-0.01122679645480601,0.004175170926438101,-0.9999282609213009
0.7572211614580917,0.07582539592555831,0.0015197431048004782,0.0994954692795479,-0.994957680010766,-0.012643835669478078,-0.9949667565715591,-0.09963238230761262,0.010702416230989293,-0.011908186692950745,0.011515354241357061,-0.9998627864394104
0.7572947029963638,0.07508605644872815,0.0015077271720476963,0.09843995262076756,-0.9949490642934172,-0.019645233255792673,-0.9950644532267872,-0.0986610171832511,0.010617796986251373,-0.012502385872147009,0.018503057855924522,-0.9997506325066688
0.7573668341236325,0.07435314082813621,0.0014907970266963759,0.09739538684229238,-0.9948991770867519,-0.02626339760853407,-0.9951607181732133,-0.09769813212190827,0.010498570610537853,-0.013010904150540042,0.025113789279872966,-0.9995999269513737
0.7574376080651571,0.07362635486609267,0.001469319269580194,0.09636300811648976,-0.9948163377980023,-0.032474986018661195,-0.9952555752919234,-0.09674333488151395,0.010347318799860535,-0.0134354202421815,0.031323812127104944,-0.9994189853493588
0.757507076899752,0.07290540553054628,0.0014436639459050147,0.09534386229129699,-0.9947089580094738,-0.03825750617964143,-0.9953490446526367,-0.09579623472540257,0.010166647506373343,-0.013777780389507714,0.037110244786886626,-0.999216194073833
0.7575752914499623,0.07219000117703053,0.0014142043392539056,0.09433879697497236,-0.9945854187266054,-0.043589405154668324,-0.995441143353632,-0.09485644281352558,0.009959185487703564,-0.014039996585792976,0.04245114972750718,-0.9989998890804161
0.7576423011807083,0.07147985177086458,0.0013813167630406288,0.09334845596683021,-0.9944539450610336,-0.04845014882490703,-0.9955318863027791,-0.09392357258193679,0.009727582838314291,-0.014224244199231448,0.047325613213064,-0.9987782322472633
0.7577081541068171,0.07077466910944216,0.0013453803495020226,0.09237327615144539,-0.9943224801933145,-0.052820291889241235,-0.9956212869366904,-0.09299724011063971,0.009474509503535372,-0.014332859155708262,0.051713815504368425,-0.998559087102212
0.7577728967098308,0.07007416704443636,0.001306776836331276,0.09141348693606749,-0.9941985604347616,-0.05668153875502396,-0.9957093578751931,-0.0920770644798777,0.009202653776980818,-0.014368334836018879,0.055597091886323585,-0.9983498957418806
0.7578365738644558,0.06937806170375074,0.0012658903510596197,0.09046911227390057,-0.994089193148327,-0.06001679589981919,-0.9957961115085437,-0.09116266811497464,0.008914720782109992,-0.014333318835369733,0.058957985106914676,-0.9981575586866517
0.7578992287749975,0.06868607171303634,0.001223107193308334,0.08953997528039948,-0.9940007392006943,-0.06281021648791547,-0.9958815605150105,-0.09025367711982697,0.008613430938791092,-0.014230609718939233,0.06178029001893213,-0.997988319326536
0.757960902922088,0.06799791841661143,0.0011788156150335529,0.08862570541662017,-0.9939388015082812,-0.06504723818647419,-0.9959657183066798,-0.08934972159919019,0.008301518415729242,-0.014063153887586532,0.0640490913786344,-0.9978476545025826
0.7580216360199983,0.06731332609759991,0.0011334055988987029,0.08772574818333986,-0.9939081211153511,-0.06671461524003477,-0.9960485994015619,-0.08845043596988585,0.007981729569709183,-0.01383404264342476,0.0657507958711509,-0.9977401726433842
0.758081465984783,0.06663202219712058,0.0010872686349098653,0.08683937724251625,-0.9939124821091164,-0.06780044592646398,-0.9961302197203163,-0.08755545926110136,0.007656821372604683,-0.013546509516710674,0.06687315949820981,-0.9976695207425357
0.7581404289134902,0.06595373753234746,0.0010407974954628816,0.0859657088586258,-0.9939546265401332,-0.06829419653161034,-0.9962105968061442,-0.0866644354039494,0.007329559827203393,-0.013203927884529882,0.06740531147898442,-0.9976383013261075
0.7581985590746257,0.06527820651326274,0.0009943860089417372,0.08510371853140274,-0.9940361803808514,-0.06818672294497935,-0.9962897499666519,-0.0857770135104792,0.007002718372829133,-0.012809808878896677,0.0673377757805429,-0.9976480004237043
0.7582558889100377,0.06460516735792704,0.0009484288320285,0.08425225967311674,-0.9941575914241311,-0.06747029089713519,-0.9963677003367278,-0.08489284814235627,0.006679076281890844,-0.012367799548593744,0.06666249131295024,-0.9976989274256421
0.7583124490483495,0.06393436230608873,0.0009033212208689713,0.08341008416732161,-0.9943180798986754,-0.06613859573510476,-0.9964444708617336,-0.08401159956944212,0.006361417048373036,-0.011881681205955811,0.06537283169937635,-0.9977901675840092
0.7583682683300406,0.06326553783094321,0.0008594588012541032,0.0825758646313933,-0.994515602460111,-0.06418678246944888,-0.9965200862005638,-0.08313293401851482,0.006052526769395097,-0.011355367858364373,0.0634636253682046,-0.9979195477972789
0.7584233738442361,0.06259844484887134,0.0008172373379691213,0.08174821819164153,-0.9947468301040138,-0.06161146663169191,-0.9965945725483826,-0.08225652391241699,0.005755192520909303,-0.010792904595081705,0.06093117651795574,-0.9980836162058464
0.7584777909772368,0.06193283892696633,0.0007770525034643001,0.0809257315666696,-0.9950071404384837,-0.0584107562597069,-0.9966679573791103,-0.08138204809991792,0.005472200728621834,-0.010198465774371447,0.05777328728308778,-0.998277636017333
0.7585315434727815,0.061268480488166965,0.000739299645996077,0.08010698724158717,-0.9952906246459607,-0.05458427508843013,-0.9967402691079895,-0.08050919207660419,0.005206335535183642,-0.009576352834386013,0.05398928118641401,-0.9984955938727851
0.7585846535040051,0.06060513501381201,0.0007043735573930922,0.07929059050221789,-0.9955901093532205,-0.05013318677136241,-0.9968115366748178,-0.0796376481971419,0.004960377164740082,-0.008930991534976163,0.049580027709461454,-0.9987302229543928
0.7586371417570137,0.059942573243425695,0.0006726682405847696,0.07847519708443243,-0.9958971935109203,-0.04506021970243839,-0.996881789048704,-0.07876711587926505,0.0047371002858082375,-0.008266928426863308,0.044547967553356924,-0.9989730409181472
0.7586890275259685,0.059280571371552876,0.0006445766770363243,0.07765954117915184,-0.9962023002557531,-0.03936969175634901,-0.9969510546554519,-0.07789730179987946,0.004539272373495245,-0.007588826340475901,0.03889713790813936,-0.9992144026070328
0.7587403288195314,0.058618911241447524,0.0006204905942222137,0.07684246351859395,-0.9964947435856364,-0.03306753402644841,-0.997019360728944,-0.07702792008367831,0.00436965207198742,-0.006901458689387131,0.03263319680600155,-0.9994435673584474
0.7587910624784927,0.057957380535427844,0.0006008002332649297,0.0760229392544353,-0.996762809518638,-0.026161312421733796,-0.9970867325881451,-0.07615869248469896,0.004230987558203731,-0.006209702393276514,0.025763445412680618,-0.9996487805607802
0.7588412443043621,0.05729577296171026,0.0005858941168578657,0.07520010532434633,-0.9969938512277917,-0.018660245796429775,-0.9971531928416031,-0.07528934856126734,0.004126014907449757,-0.005518529242807939,0.018296846919509013,-0.9998173689368476
0.7588908891986745,0.05663388843752515,0.0005761588175855302,0.0743732869906604,-0.9971743974463215,-0.01057521913581415,-0.9972187605215724,-0.07441962584479068,0.004057456461869932,-0.004832995553843794,0.010244040544969841,-0.9999358488359589
0.7589400113127234,0.0559715332683291,0.0005719787267386375,0.073542023224796,-0.9972902732224471,-0.0019187902178951076,-0.9972834501501305,-0.07354927000288486,0.004028019202384774,-0.004158229990706437,0.0016173490468850487,-0.9999900466031675
0.7589886242074,0.05530852032291736,0.0005737358237183454,0.07270609060455134,-0.9973267318730754,0.007294811880602724,-0.997347270739898,-0.07267803499733398,0.00404039312477708,-0.0034994194774589558,-0.007569221908288159,-0.9999652298670308
0.7590367410227884,0.054644669204248764,0.0005818094461122302,0.07186552538973398,-0.9972685967464301,0.01704969805784761,-0.9974102247322103,-0.07180568323739518,0.004097249620508665,-0.002861793161529482,-0.01729999416812486,-0.9998462483510571
0.7590843746571233,0.05397980641579195,0.0005965760605089905,0.07102064344593767,-0.9971004111619578,0.027328341793451876,-0.9974723068758148,-0.07093198572897884,0.004201239862739372,-0.002250604444437651,-0.027557638890127658,-0.9996176825759117
0.7591315379546941,0.05331376552320341,0.0006184090341162119,0.07017205769768435,-0.9968065946603009,0.038111614505391765,-0.997533503049397,-0.07005672222023958,0.0043549931980014864,-0.0016711111486995515,-0.03832321115839485,-0.9992639985879797
0.7591782439022428,0.052646387311148624,0.0006476784072238217,0.06932069281151469,-0.9963716034766562,0.04937883487374345,-0.9975937890314484,-0.06917968134412017,0.0045611155438297305,-0.0011285539463384293,-0.0495761986691476,-0.9987697066348716
0.7592245058333671,0.05197751993508168,0.0006847506665546845,0.0684677968375341,-0.9957800929582679,0.061107833084126664,-0.9976531292212029,-0.06830066075840387,0.004822187792638622,-0.0006281332312558082,-0.061294585470404735,-0.998119521520672
0.7592703376404222,0.05130701906780033,0.0007299885195235186,0.06761494957467143,-0.9950170794921663,0.0732750306236345,-0.9977114753145715,-0.06741946728382588,0.005140764221996615,-0.0001749846726774255,-0.07345493142087237,-0.9972985222240728
0.7593157539933684,0.05063474804059223,0.0007837506694193076,0.06676406747032974,-0.9940680994032742,0.08585553589361251,-0.9977687649391933,-0.0665359170407917,0.005519370911403575,0.0002258462619094473,-0.08603246766368505,-0.9962923082615679
0.759360770564999,0.049960577978800214,0.0008463915915120877,0.06591740491862945,-0.9929193622351576,0.09882325549849658,-0.9978249202529073,-0.06564983558525603,0.005960504165578085,0.0005694304807902559,-0.09900120800352163,-0.9950871502349786
0.7594054042619423,0.04928438793162998,0.0009182613100732833,0.06507755188195326,-0.9915578958437217,0.11215102064191271,-0.9978798465101305,-0.06476105804429723,0.006466628944178049,0.0008509817684267907,-0.11233407564472242,-0.9936701320252489
0.759449673460814,0.048606064996031206,0.0009997051762920554,0.0642474278265151,-0.9899716808231762,0.12581072762611273,-0.997933430600784,-0.06386942925191327,0.007040177297831373,0.0010658832144204461,-0.12600304430913584,-0.9920292821876798
0.7594935982488661,0.04792550443448962,0.0010910636470552648,0.06343027203225321,-0.9881497719457188,0.139773491025796,-0.9979855395665765,-0.06297480388555192,0.007683546810248352,0.0012097131574672886,-0.13997929232282968,-0.9901536922694761
0.7595372006684525,0.04724260978657552,0.001192672064550789,0.06262963040823213,-0.9860824045302389,0.15400980770973877,-0.9980360190995885,-0.06207704660387083,0.008399099046132312,0.0012782702273528533,-0.1542333678579422,-0.9880336200071447
0.7595805049646185,0.04655729297409017,0.0013048604366445854,0.061849339014465474,-0.9837610839559453,0.1684897295306076,-0.998084692028248,-0.06117603218618442,0.00918915800453933,0.0012675970776178953,-0.16873536315715953,-0.9856605756637883
0.7596235378350815,0.04586947439967365,0.0014279532179766873,0.06109350455713777,-0.9811786568956811,0.1831830422100102,-0.9981313567959056,-0.060271645674046054,0.010056008577300622,0.001174002423968283,-0.18345509526892306,-0.9830273901261241
0.7596663286818706,0.045179083038734,0.0015622690917103037,0.060366482184048484,-0.9783293632491088,0.19805944772546538,-0.9981757859373329,-0.05936378251536495,0.011001895012044386,0.000994081038220891,-0.1983622905949159,-0.9801282637863412
0.7597089098638582,0.04448605652457033,0.001708120751862192,0.05967285095852028,-0.9752088681937011,0.2130887473679521,-0.9982177245585703,-0.058452348711427266,0.0120290193793112,0.0007247313932545932,-0.21342677040727198,-0.9769587956704875
0.7597513169494061,0.043790341226576796,0.0018658146861450368,0.05901738743105231,-0.9718142742253861,0.2282410225892777,-0.9982568888256413,-0.05753726096715247,0.013139540043274913,0.00036317070931840556,-0.22861863443775504,-0.9735159927268027
0.7597935889683312,0.043091892321408004,0.0020356509592362806,0.05840503775712532,-0.9681441135138403,0.24348681079904327,-0.9982929644677295,-0.05661844684485173,0.014335570135466755,-9.30527858688437e-05,-0.243908439676402,-0.9697982596374373
0.7598357686623829,0.04239067385702219,0.002217922996399477,0.057840888825973394,-0.9641983213328342,0.25879727339901804,-0.9983256053004786,-0.055695844921734294,0.01561917603098224,-0.0006460505042757362,-0.2592673716405495,-0.9658053699484939
0.7598779027334075,0.041686658809504784,0.0024129173673734837,0.05733013886831213,-0.9599781917278484,0.27414435355168376,-0.998354431775132,-0.05476940495132161,0.016992375826573838,-0.0012975871043639023,-0.2746674055802922,-0.9615384197105689
0.7599200420883695,0.040979829132604756,0.0026209135704507746,0.0568780680013645,-0.9554863169374618,0.2895009214591841,-0.998379029559269,-0.053839088028891424,0.018457137820075863,-0.002049077042025225,-0.2900814553629752,-0.9569997651712221
0.7599622420803853,0.04027017579991876,0.0028421838166682416,0.05649000914775409,-0.9507265123804584,0.30484090526597113,-0.998398948154926,-0.05290486676099899,0.020015378990621422,-0.002901583985328086,-0.30548350811441705,-0.9521929463509405
0.7600045627449181,0.03955769883967611,0.003076992814036214,0.05617131973232472,-0.945703729249153,0.32013940607768615,-0.9984136995598976,-0.05196672543905906,0.02166896347912827,-0.0038558229533127574,-0.3208487430727852,-0.9471225985573181
0.760047069030282,0.038842407362089576,0.0033255975517385967,0.05592735451935451,-0.940423956906359,0.3353727959943276,-0.9984227569780291,-0.05102466021690034,0.023419701068581645,-0.004912164986877233,-0.3361536335164866,-0.9417943540438144
0.7600898310215899,0.038124319579254634,0.003588247084247723,0.05576343990403053,-0.9348941173676605,0.3505187984707989,-0.9984255535842838,-0.0500786792921326,0.025269345663716372,-0.006070644116255641,-0.3513760310432382,-0.9362147360986768
0.7601329241572863,0.03740346281758758,0.0038651823152997377,0.055684849918485074,-0.9291219541642451,0.36555655072720283,-0.9984214813503612,-0.04912880309107837,0.027219593769716454,-0.007330966355545313,-0.36649523188829114,-0.9303910478586096
0.7601764294374025,0.03667987352281546,0.0041566357816981364,0.05569678415650707,-0.9231159178297048,0.3804666483202503,-0.9984098899365847,-0.04817506445695142,0.02927208296970518,-0.008692520430818347,-0.3814920253609375,-0.9243312580858497
0.7602204336226707,0.035953597257548875,0.004462831436915167,0.05580434776419968,-0.9168850501442253,0.3952311723442796,-0.9983900856557398,-0.04721750884088019,0.03142839040081106,-0.010154389934242471,-0.3963487248382197,-0.9180438860338761
0.7602650294236437,0.03522468869146678,0.004783984434486338,0.05601253358838852,-0.9104388691108154,0.409833700045798,-0.9983613305144686,-0.04625619449526799,0.03369003122877703,-0.011715366592202058,-0.41104918207318636,-0.9115378873653991
0.7603103156789678,0.034493211584192746,0.005120300911203726,0.05632620652216178,-0.9037872564409303,0.4242592999025464,-0.9983228413377445,-0.045291192668935554,0.036058457121153034,-0.013373964339545888,-0.42557878584534903,-0.9048225428868598
0.7603563975219642,0.03375923876091852,0.005471977770133648,0.05675009003882847,-0.8969403491017817,0.438494512432891,-0.9982737889818598,-0.04432258780334899,0.03853505471925105,-0.015128433903947776,-0.4399244461991041,-0.8979073516371416
0.7604033865346898,0.033022852080882625,0.005839202463509443,0.057288754863005234,-0.8899084362354734,0.452527318162319,-0.9982132976412401,-0.04335047772919528,0.0411211441092214,-0.016976777622602697,-0.4540745656801146,-0.8908019296251934
0.7604514008886539,0.032284142398806503,0.006222152775565378,0.057946609690991795,-0.8827018625107921,0.4663470942820362,-0.9981404442542806,-0.0423749738624408,0.04381797729271393,-0.01891676423670768,-0.4680189990909942,-0.8835159152616759
0.7605005654713869,0.031543209519420884,0.006620996605408022,0.05872789384259792,-0.8753309387210391,0.47994456159285426,-0.9980542580132516,-0.041396201398941124,0.04662673665780297,-0.020945943436149056,-0.48174900334871773,-0.8760588822825135
0.7605510119980708,0.030800162145224935,0.0070358917500438,0.059636671703092226,-0.8678058602032508,0.49331172334039824,-0.9979537199831702,-0.040414299506566186,0.04954853345101269,-0.023061659956086444,-0.4952571790416466,-0.8684402607248125
0.7606028791074653,0.03005511781763781,0.0074669856877102,0.06067682879683461,-0.8601366334318293,0.5064417975204243,-0.9978377628343562,-0.03942942151371662,0.05258440625148031,-0.025261067057562783,-0.5085374052590945,-0.8606692662942372
0.7606563124413754,0.029308202851729664,0.007914415361684874,0.06185206932301802,-0.8523330109375016,0.5193291441722419,-0.9977052706932102,-0.03844173509303533,0.05573531944848503,-0.027541139254728668,-0.5215847692075082,-0.8527548382620307
0.7607114647069452,0.02855955226471707,0.008378306964780669,0.06316591497821905,-0.8444044345240208,0.5319691890900571,-0.9975550791155406,-0.03745142243900527,0.05900216172380755,-0.02989868418093975,-0.5343954920407392,-0.8447055858527187
0.7607684957210707,0.027809309698445556,0.00885877572476,0.06462170488952036,-0.8363599866017103,0.5443583452733674,-0.9973859751865544,-0.03645868043807435,0.06238574454056337,-0.032330353513962656,-0.5469668522244299,-0.836529742931691
0.7608275724362724,0.027057627336079332,0.00935592569094023,0.0662225964850808,-0.8282083493296323,0.5564939333141556,-0.9971966977513875,-0.035463720829841526,0.06588680064042414,-0.03483265290646258,-0.5592971076320608,-0.8282351306760111
0.7608888689473825,0.026304665813243977,0.009869849522289536,0.06797156713546854,-0.8199577711563472,0.5683741017863709,-0.9969859377798052,-0.034466770357781326,0.06950598255133472,-0.0374019508912433,-0.5713854174385442,-0.8198291278114663
0.7609525664784492,0.02555059412388236,0.010400628277352185,0.06987141640815141,-0.811616040271668,0.5799977485670585,-0.9967523388684264,-0.03346807090791102,0.073243861108114,-0.04003448675130445,-0.5832317647414631,-0.8113186479227003
0.7610188533492863,0.024795589521091232,0.01094833120636753,0.0719247687884832,-0.8031904644267703,0.5913644438826469,-0.9964944978835599,-0.03246787963373371,0.07710092398850377,-0.042726377362407815,-0.5948368807042804,-0.8027101232895265
0.7610879249211431,0.024039837413225823,0.01151301554599461,0.07413407673289421,-0.7946878565451302,0.6024743557419421,-0.9962109657474273,-0.031466469065741874,0.08107757426756763,-0.04547362303071534,-0.6062021708838079,-0.7940094946688099
0.7611599835210052,0.02328353125556723,0.012094726317075161,0.07650162393299054,-0.7861145255296886,0.6133281782918895,-0.9959002483702457,-0.030464127203707468,0.08517412899348699,-0.04827211236001723,-0.617329644278443,-0.7852222064252596
0.7612352383440832,0.022526872437862805,0.012693496125912035,0.07902952868268452,-0.777476271669598,0.6239270635153875,-0.9955608077303126,-0.029461157589947645,0.08939081778811295,-0.051117626192538325,-0.6282218455165357,-0.7763532064133168
0.7613139053340913,0.021770070168055405,0.013309344969574413,0.0817197472537225,-0.7687783860604547,0.6342725565835795,-0.9951910631038869,-0.028457879361714483,0.09372778147587622,-0.054005840674349374,-0.6388817904968935,-0.7674069500236106
0.7613962070409683,0.021013341352528025,0.013942280045764881,0.08457407719778068,-0.760025653472586,0.644366535078997,-0.994789392446313,-0.02745462728083114,0.09818507074482309,-0.056932329501251794,-0.6493129056968135,-0.7583874078286914
0.7614823724557419,0.020256910473196277,0.014592295567835357,0.08759416050555935,-0.7512223581303014,0.6542111522211124,-0.9943541339254539,-0.026451751738680244,0.10276264484391089,-0.05989256540412058,-0.6595189712776308,-0.7492980762915442
0.7615726368222904,0.01950100946179195,0.015259372585547689,0.09078148656453305,-0.7423722918991766,0.6638087841521061,-0.9938835876081197,-0.025449618734645168,0.10746037032075834,-0.06288192093397614,-0.6695040680433727,-0.7401419910348476
0.7616672414258145,0.0187458775716762,0.01594347881223108,0.0941373948674939,-0.7334787644163772,0.6731619812777505,-0.9933760172997754,-0.02444860982609899,0.11227801980444431,-0.06589566860725786,-0.6792725282445891,-0.7309217422070617
0.7617664333578852,0.01799176124753188,0.016644568458996954,0.09766307743324913,-0.7245446147393642,0.6822734236055614,-0.9928296525374068,-0.02344912204805819,0.1172152708380068,-0.06892898047062053,-0.688828890166028,-0.7216394915218534
0.7618704652579971,0.01723891399328789,0.01736258207671248,0.10135958090914966,-0.7155722241295579,0.6911458799791832,-0.9922426907349893,-0.022451567800645215,0.12227170476558091,-0.07197692714273017,-0.6981778563930333,-0.7122969905885601
0.7619795950316158,0.016487596238610763,0.018097446406456132,0.10522780833224865,-0.7065635296287628,0.6997821710733535,-0.9916132994805869,-0.021456374702519668,0.12744680567926867,-0.07503447638796251,-0.7073242556163118,-0.7028956001925284
0.7620940855447714,0.015738075204321106,0.018849074239205656,0.1092685205320517,-0.6975200381263579,0.7081851359870106,-0.9909396189836439,-0.020463985408517783,0.13273995943102582,-0.07809649127385297,-0.7162730078073611,-0.6934363102241682
0.7622142042953174,0.014990624767068306,0.019617364285522368,0.11348233716284793,-0.6884428406539728,0.7163576022520779,-0.9902197646706025,-0.019474857389774412,0.13815045271494614,-0.08115772796076992,-0.7250290925762474,-0.6839197599940428
0.762340223061039,0.01424552532360493,0.020402201056027632,0.11786973735784077,-0.6793326266809139,0.7243023590614652,-0.9894518299264893,-0.018489462674694066,0.1436774722255467,-0.08421283316879487,-0.7335975205089036,-0.6743462587075526
0.7624724175248625,0.013503063654977582,0.02120345475347298,0.12243106000047581,-0.6701896982178162,0.7320221335109154,-0.9886338889796745,-0.01750828754920212,0.14932010389769698,-0.08725634136316096,-0.741983307271671,-0.6647158059066359
0.7626110668774913,0.012763532790966092,0.022020981177220574,0.12716650361081977,-0.6610139835676602,0.7395195696446526,-0.9877639999265119,-0.01653183221483875,0.15507733223394773,-0.09028267169605217,-0.7501914502656195,-0.6550281117171914
0.7627564533978562,0.01202723187506441,0.022854621640967486,0.13207612584653577,-0.6518050505922088,0.7467972100937831,-0.9868402078920963,-0.015560610403336858,0.16094803972512314,-0.09328612473918248,-0.7582269076116751,-0.6452826167694139
0.7629088620118485,0.011294466030301431,0.023704202904542174,0.13715984261894013,-0.6425621193882574,0.7538574800982071,-0.9858605483228975,-0.014595148946473208,0.1669310063700153,-0.09626087903828542,-0.7660945792488688,-0.6354785116841288
0.7630685798298678,0.010565546226178973,0.02456953712061627,0.1424174268250689,-0.6332840742917512,0.7607026737069916,-0.9848230504065378,-0.013635987300115001,0.17302490930011466,-0.09920098751770526,-0.7737992899316921,-0.6256147560413847
0.7632358956637948,0.009840789146979084,0.025450421797162635,0.14784850669643174,-0.6239694751490912,0.7673349419580753,-0.9837257406135057,-0.012683677021524247,0.1792283225152298,-0.10210037376055373,-0.7813457739179124,-0.6156900967683124
0.763411099524069,0.00912051706169148,0.026346639776493843,0.15345256376452915,-0.6146165678137866,0.7737562828455057,-0.9825666463551113,-0.011738781199169922,0.185539716735872,-0.10495282818753741,-0.7887386611449696,-0.6057030859015646
0.7635944820976226,0.008405057695768381,0.02725795923169992,0.1592289304420529,-0.6052232938433966,0.7799685328906734,-0.981343799751516,-0.010801873834443913,0.19195745937816844,-0.10775200415554374,-0.7959824647007083,-0.5956520976958357
0.7637863342074944,0.007694744104907836,0.028184133681294684,0.16517678721723372,-0.5957872993864479,0.7859733601429477,-0.9800552415031936,-0.0098735391748866,0.1984798146570049,-0.11049141399543103,-0.8030815694024892,-0.585535345064092
0.7639869462550244,0.006989914551036286,0.02912490202285764,0.1712951594569391,-0.5863059432621073,0.7917722584444044,-0.978699024858718,-0.00895437099871781,0.20510494382294123,-0.1131644250072272,-0.8100402213072806,-0.5753508953475571
0.7641966076455871,0.0062909123806329514,0.030079988586439455,0.17758291381201372,-0.5767763042468503,0.7973665428028565,-0.9772732196713175,-0.008044971850676623,0.21183090553830594,-0.11576425543012744,-0.8168625179840647,-0.5650966854242216
0.7644156061989055,0.005598085905509087,0.031049103208467193,0.18403875421593582,-0.5671951875925325,0.8027573457269128,-0.975775916536192,-0.00714595222938855,0.21865565639765638,-0.11828397040428178,-0.8235523993885314,-0.554770536174004
0.7646442275450425,0.004911788286137447,0.032031941326858306,0.19066121746527162,-0.5575591308093533,0.8079456143861287,-0.9742052310001583,-0.006257929726721875,0.22557705159759373,-0.12071647794144948,-0.8301136391884271,-0.5443701663268825
0.7648827545072427,0.004232377417578981,0.03302818409801031,0.19744866836756156,-0.5478644087552464,0.8129321084685613,-0.9725593078347791,-0.005381528119807005,0.23259284576063616,-0.1230545249221336,-0.8365498363961109,-0.5338932057273515
0.7651314664728511,0.003560215818036838,0.03403749853629348,0.20439929443930693,-0.5381070380806316,0.8177173986169081,-0.9708363253637301,-0.004517376416654474,0.23970069391755985,-0.12529069313785013,-0.842864407172589,-0.5233372080548422
0.7653906387536048,0.002895670520025123,0.03505953767663285,0.21151110013364782,-0.5282827810841972,0.822301865333042,-0.969034499834781,-0.0036661078565427504,0.24689815265234402,-0.12741739539878374,-0.8490605766746743,-0.5126996630451981
0.7656605419366453,0.002239112964113832,0.036093940760700056,0.2187819005740236,-0.5183871490418206,0.8266856982490453,-0.9671520898264272,-0.0028283588666102736,0.25418268141338063,-0.12942687172914513,-0.8551413708238043,-0.5019780082633027
0.7659414412276592,0.0015909188951699071,0.03714033344719965,0.22620931476694986,-0.5084154050768094,0.8308688956708218,-0.9651874006788561,-0.0020047679763334774,0.2615516439943638,-0.13131118567532749,-0.8611096078815664,-0.49116964048136647
0.7662335957876,0.0009514682609853276,0.038198328046656876,0.2337907582636328,-0.49836256664573314,0.8348512643080759,-0.963138788938647,-0.0011959746918392676,0.26900231018772447,-0.1330622207552236,-0.8669678897230357,-0.48027192672159646
0.7665372580645021,0.0003211451131379661,0.03926752378106179,0.24152343523691733,-0.48822340772015976,0.8386324191118975,-0.9610046668063171,-0.00040261833224766513,0.27653185761311105,-0.13467167708110744,-0.8727185927047695,-0.4692822150258507
0.7668526731219288,-0.00029966249008281376,0.0403475070686461,0.24940432993677245,-0.47799246075092205,0.8422117831484358,-0.9587835065755904,0.00037466316947309025,0.2841373737228599,-0.13613106819313617,-0.8783638580296822,-0.4581978450187299
0.7671800779656457,-0.0009105625789234961,0.04143785183400656,0.2574301974844306,-0.46766401850808104,0.8455885874442726,-0.956473845053042,0.0011352344984424504,0.2918158579859616,-0.13743171814605426,-0.8839055815162086,-0.4470161583342561
0.7675197008701421,-0.00151115936582083,0.04253811984370431,0.2655975539623085,-0.45723213589672873,0.8487618707461793,-0.9540742879465988,0.0018784642195956802,0.29956422425143897,-0.13856475889788586,-0.8893454026841827,-0.4357345089800436
0.767871760706651,-0.0021010533377664176,0.043647861067391595,0.2739026657541039,-0.4466906318563394,0.8517304791450051,-0.951583514211239,0.0026037260659997376,0.30737930329149027,-0.13952112805659347,-0.8946846930748047,-0.4243502737167235
0.7682364662743487,-0.0026798413476933902,0.044766614064439644,0.28234153808711976,-0.43603309145947133,0.8544930655206605,-0.9490002803401105,0.0033104002502789805,0.3152578455242226,-0.1402915670487405,-0.8999245437271279,-0.4128608625342556
0.7686140156364263,-0.0032471167052414984,0.04589390639594502,0.2909099027268244,-0.42525286833453385,0.8570480887725735,-0.9463234245892429,0.003997874795453369,0.3231965239151056,-0.14086661978324477,-0.9050657517387184,-0.4012637293108752
0.7690045954627475,-0.0038024692672926075,0.04702925506191576,0.29960320477229185,-0.41434308754695676,0.8593938128077413,-0.9435518711239792,0.004665546881272399,0.3311919370557451,-0.14123663189346475,-0.9101088058437594,-0.3895563827445732
0.7694083803808106,-0.004345485528685883,0.04817216696333602,0.3084165885003395,-0.403296649083706,0.8615283052666735,-0.9406846340752864,0.005312824201899324,0.33924061241785947,-0.14139175065206908,-0.9150538709479644,-0.37773639765144335
0.7698255323367373,-0.004875748713561084,0.04932213938872239,0.3173448822062725,-0.39210623209750545,0.8634494359762964,-0.9377208214941493,0.005939126330613338,0.3473390097797354,-0.1413219256655707,-0.9199007715665459,-0.36580142672965166
0.7702561999680027,-0.0053928388678018135,0.050478660524689245,0.32638258199019066,-0.3807643000796131,0.8651548751283199,-0.9346596391923537,0.006543886087007838,0.355483524821755,-0.14101691046904855,-0.9246489741192399,-0.353749212892413
0.7707005179896198,-0.005896332953076899,0.051641209989946035,0.3355238344400842,-0.36926310714339566,0.8666420911918762,-0.931500394458107,0.007126550901995686,0.36367049288694364,-0.14046626515649388,-0.929297568045374,-0.34157760227792927
0.7711586065954645,-0.006385804942997619,0.05280925939204829,0.3447624181665892,-0.357594705615419,0.8679083485805099,-0.9282424996351405,0.007686584175776497,0.3718961929017487,-0.13965936019841918,-0.9338452457123346,-0.32928455804886697
0.7716305708764146,-0.006860825921926883,0.05398227290613666,0.3540917241497333,-0.3457509551461073,0.8689507051060051,-0.9248854755541591,0.00822346662378667,0.3801568514516663,-0.1385853816159056,-0.9382902811029441,-0.31686817509830784
0.7721165002569447,-0.007320964187006673,0.05515970787479777,0.363504734865338,-0.3337235335682687,0.8697660092652443,-0.9214289548057698,0.008736697605554577,0.3884486470056184,-0.1372333376990685,-0.9426305072814363,-0.3043266957831924
0.7726164679517762,-0.0077657853539629396,0.05634101542808298,0.3729940021684352,-0.32150394974883995,0.8703508974214186,-0.9178726848443787,0.009225796431266354,0.3967677142822745,-0.13559206747795047,-0.9468632926542798,-0.2916585268099507
0.7731305304441581,-0.00819485246727819,0.05752564112263537,0.3825516239235006,-0.3090835586967506,0.8707017909576417,-0.9142165309128519,0.00969030364080134,0.40511014875095336,-0.13365025117508378,-0.9509855160614705,-0.27886225739984183
0.7736587269872863,-0.008607726115320319,0.05871302559877443,0.3921692193867227,-0.296453579207785,0.870814893499475,-0.9104604787781987,0.010129782249938914,0.41347201125897515,-0.1313964228911182,-0.9549935407564086,-0.2659366788635146
0.7742010791303329,-0.009003964551022925,0.05990260525430833,0.40183790336461833,-0.2836051143452537,0.8706861883231772,-0.9066046372689277,0.010543818958418456,0.42184933277681985,-0.128818985797914,-0.9588831873585999,-0.2528808057148845
0.7747575902704877,-0.009383123818714284,0.061093812933745634,0.41154825919622473,-0.27052917507293706,0.8703114360887793,-0.902649240605262,0.01093202531453822,0.4302381192517301,-0.12590623013695715,-0.962649705893519,-0.23969389845346736
0.7753282452323561,-0.00974475788769319,0.0622860786315041,0.42129031063367506,-0.25721670737340196,0.8696861730613907,-0.898594650513888,0.011294038831011334,0.4386343565598879,-0.12264635434453415,-0.9662877470685786,-0.2263754881411096
0.775913009875979,-0.01008841879313388,0.06347883020762872,0.4310534927284278,-0.2436586232000032,0.8688057100105305,-0.8944413581194988,0.011629524046840325,0.44703401554668143,-0.11902748964827287,-0.9697913329736056,-0.2129254028933783
0.7765118307346761,-0.010413656784910769,0.06467149411445865,0.44082662186848093,-0.22984583562368818,0.8676651320057017,-0.8901899856059761,0.011938173530073072,0.45543305714407456,-0.11503772850180857,-0.9731538274390202,-0.1993437963969027
0.7771246346838255,-0.01072002048490367,0.06586349613260972,0.4505978651559475,-0.21576929854539229,0.8662592993567988,-0.8858412876406891,0.012219708816392352,0.4638274375535893,-0.11066515724467682,-0.9763679063353485,-0.18563117855128486
0.7777513286416071,-0.011007057053334435,0.06705426211457163,0.46035470936495043,-0.2014200513500198,0.8645828499800743,-0.8813961525560643,0.012473881278632463,0.47221311348289907,-0.10589789339207142,-0.9794255281541329,-0.17178844831687465
0.7783917993026574,-0.011274312364670247,0.06824321873416545,0.47008392977734736,-0.18678926887761596,0.8626302035039416,-0.8768556032832374,0.012700472922483476,0.48058604742370026,-0.10072412797277447,-0.9823179052728862,-0.15781692882708495
0.7790459129054796,-0.011521331193596468,0.06942979424004066,0.479771559258479,-0.17186831707987463,0.8603955674634891,-0.8722207980333473,0.012899297103820971,0.4889422129580329,-0.09513217334192897,-0.9850354763755259,-0.14371840479521805
0.7797135150343621,-0.011747657411541573,0.07061341921135589,0.4894028580074342,-0.1566488147137154,0.8578729459674919,-0.8674930307227463,0.013070199163319132,0.4972776000799712,-0.0891105168968269,-0.9875678805746061,-0.12949516220987214
0.7803944304564594,-0.011952834194198347,0.07179352731373365,0.49896228449587465,-0.14112270139666708,0.855056151256258,-0.8626737311391675,0.013213056974235056,0.5055882205192511,-0.08264788111672965,-0.9899039338622222,-0.11515003026926295
0.7810884629945846,-0.01213640424046128,0.07296955605355405,0.508433468196339,-0.12528231230889056,0.8519388186016529,-0.8577644648466501,0.013327781399523841,0.5138701130531979,-0.07573329032982706,-0.9920316086020163,-0.10068642545206384
0.7817953954361624,-0.012297910003150447,0.07414094752861912,0.5177991847943123,-0.1091204597718872,0.8485144250308992,-0.8527669328278179,0.013414316654715422,0.5221193487930926,-0.06835614457955887,-0.9939380168641598,-0.08610839756004911
0.7825149894786798,-0.012436893931864673,0.07530714917319918,0.527041334677366,-0.09263052186160785,0.8447763123816545,-0.8476829708628997,0.013472640573305009,0.5303320364309804,-0.06050630091609102,-0.9956093984970356,-0.07142067749484543
0.7832469857118713,-0.012552898728248052,0.0764676144954643,0.5361409255978624,-0.07580653812171023,0.8407177152154397,-0.8425145486456695,0.013502764771718164,0.5385043274328476,-0.05217416237421452,-0.9970311149214559,-0.056628726447164254
0.7839911036367637,-0.012645467613923184,0.07762180380529542,0.5450780605109375,-0.058643312328485415,0.8363317941276528,-0.837263768637282,0.013504734711274778,0.5466324211640524,-0.04335077481349813,-0.9981876497229978,-0.04173878608138449
0.7847470417215993,-0.012714144611282868,0.07876918493047363,0.5538319316941022,-0.04113652212054349,0.8316116749924845,-0.8319328646597923,0.013478629654924986,0.5547125699329131,-0.03402793168752435,-0.9990626172019708,-0.026757929191508142
0.7855144774945455,-0.012758474837288675,0.07990923391925613,0.5623808223552932,-0.023282835141580964,0.8265504946672974,-0.826524200231934,0.01342456251691744,0.5627410839384233,-0.024198286673783053,-0.999638780114597,-0.011694110186503098
0.7862930676730018,-0.012778004810369475,0.08104143572737224,0.570702117028331,-0.005080031152252964,0.8211414536502668,-0.8210402666504852,0.013342679603948863,0.5707143361082551,-0.013855473932043644,-0.9998980778981819,0.0034437853649658045
0.7870824483291935,-0.012772282770453336,0.08216528488748995,0.5787723221331411,0.013472870653230842,0.8153778761341104,-0.8154836808213838,0.013233160246745292,0.5786287668133094,-0.0029942355650193282,-0.9998216667117418,0.018645893036695834
0.7878822350916579,-0.012740859012119021,0.08328028615924972,0.58656709813697,0.032375480138566996,0.8092532778240514,-0.8098571828454276,0.013096216321446957,0.5864808884454202,0.00838944437029004,-0.9993899726352367,0.03390132474253313
0.7886920233821098,-0.012683286230789265,0.0843859551579965,0.59406130478493,0.05162590181205036,0.8027614417866114,-0.8041636333641972,0.012932091660584863,0.5942672898450454,0.020298200208885873,-0.9985827593481548,0.04919812802236707
0.7895113886870876,-0.012599119881826826,0.08548181896039925,0.601229060866166,0.07122059909312348,0.7958965024642366,-0.798406010672496,0.012741061353860635,0.6019846405661918,0.03273314057676286,-0.9973792115441317,0.06452325075186574
0.7903398868636794,-0.012487918552345711,0.0865674166851983,0.6080438199372469,0.09115425915843316,0.7886530378267735,-0.7925874076043238,0.012523430939383726,0.6096296949661851,0.04569370135126541,-0.995758035224815,0.0798625127455784
0.7911770544785417,-0.012349244345479682,0.08764230004739482,0.6144784633287962,0.11141966059269948,0.7810261694325543,-0.7867110282000089,0.012279535486438925,0.6171992961084142,0.059177497527068024,-0.9936975758457123,0.09520058584267704
0.792022409179331,-0.012182663276793765,0.08870603388426115,0.6205054116062851,0.13200754639587892,0.7730116699389825,-0.7807801841627964,0.01200973857129168,0.6246903794666276,0.07318017618197527,-0.9911759550523758,0.11052098416131645
0.7928754500975949,-0.011987745682471823,0.0897581966516402,0.6260967554338058,0.15290650521286328,0.7646060773358069,-0.7747982911137018,0.011714431147971037,0.6320999764200019,0.08769527309124524,-0.9881712264412823,0.12580606627259217
0.7937356582820811,-0.011764066638844106,0.09079838088907952,0.6312244064938733,0.1741028639401901,0.7558068148768448,-0.7687688646540566,0.01139403031638122,0.6394252175287288,0.10271407588529645,-0.9846615504024584,0.14103705106835057
0.7946024971613619,-0.011511206392773032,0.09182619365244259,0.6358602687426322,0.19558059510916515,0.7466123153627272,-0.7626955162456123,0.011048977990517104,0.6466633355805816,0.11822549696823613,-0.9806253876491827,0.15619404906879042
0.7954754130345938,-0.011228750802343562,0.09284125691273977,0.639976429826593,0.2173212426270568,0.7370221480860938,-0.7565819489185672,0.01067973946994709,0.6538116683995755,0.1342159596955247,-0.9760417105164543,0.17125611082563832
0.7963538355891832,-0.01091629178727016,0.09384320792002039,0.6435453719563053,0.23930386955727148,0.7270371464021197,-0.7504319528182636,0.010286801918137696,0.6608676614085941,0.15066930152817457,-0.9708902305210478,0.186201293915479
0.7972371784440618,-0.0105734277883614,0.09483169953127729,0.6465402009308381,0.26150503161525945,0.7166595335444954,-0.7442494006017077,0.009870672751553771,0.6678288699385723,0.16756669801697047,-0.9651516400334892,0.20100674977809962
0.7981248397172395,-0.010199764235341108,0.09580640050143004,0.648934891346407,0.283898779929171,0.705893043986095,-0.7380382426953312,0.009431877943837465,0.6746929612776762,0.184886611501251,-0.9588078652332702,0.21564883133095072
0.7990162026162525,-0.009794914022276835,0.09676699573656794,0.6507045453203771,0.30645669634600636,0.694743037362803,-0.7318025024257149,0.008970960249712862,0.6814577164547038,0.20260476831225557,-0.9518423268256617,0.23010322188150148
0.7999106360500909,-0.009358497989816972,0.09771318650875041,0.6518256613415581,0.32914796414153497,0.6832166017582735,-0.7255462710352154,0.008488477353584108,0.6881210317517632,0.22069416803244765,-0.9442402043196957,0.24434508536650634
0.800807495261163,-0.00889014541339539,0.09864469063179004,0.652276409148112,0.35193947640863904,0.6713226430071145,-0.7192737025945761,0.007984999948098283,0.6946809199421832,0.23912512796595464,-0.9359886990348986,0.25834923737883175
0.8017061224758321,-0.008389494496531202,0.09956124259756541,0.6520369058691496,0.37479598365372513,0.659071956634192,-0.7129890088247364,0.007461109748232819,0.7011355112504607,0.2578653654132436,-0.9270772904555269,0.27209033581134945
0.8026058475720432,-0.007856192868292616,0.10046259367253751,0.6510894880823581,0.39768028123411525,0.64647727912604,-0.7066964538401075,0.006917397446706221,0.7074830540319542,0.2768801196158183,-0.9174979801231823,0.2855430892727241
0.8035059887625535,-0.007289898083987889,0.10134851195426986,0.6494189739765588,0.42055343623986247,0.6335533154408377,-0.7004003488256074,0.006354460616767213,0.7137219151709141,0.29613231435323245,-0.9072455169892624,0.2986824807361229
0.8044058532922719,-0.0066902781280971935,0.10221878238788142,0.6470129095027078,0.4433750522916475,0.6203167400145023,-0.6941050466596965,0.0057729015686090405,0.7198505801963485,0.3155827611552647,-0.8963175980716088,0.3114840031988179
0.8053047381482253,-0.006057011918433303,0.10307320674249086,0.6438617922837558,0.4661035695321567,0.6067861690138723,-0.6878149364955711,0.005173325165837163,0.7258676531161324,0.3351904019669173,-0.8847150384028242,0.323923903491462
0.8062019307806761,-0.005389789810509776,0.10391160354783252,0.6399592671605877,0.48869659588062064,0.5929821022172397,-0.681534438312531,0.004556336608585599,0.7317718559706515,0.35491258891353283,-0.8724419046397317,0.3359794298157122
0.8070967098339291,-0.004688314101060104,0.10473380799135766,0.6353022875959745,0.5111112644550894,0.5789268336520957,-0.6752679974493767,0.003922539189991185,0.7375620281081529,0.37470539760728033,-0.859505607330995,0.34762907814299326
0.8079883458853963,-0.003952299529643766,0.10553967177625083,0.6298912377471872,0.5333046110032734,0.5646443309659308,-0.6690200791314346,0.0032725320328425207,0.7432371251848652,0.3945239692696568,-0.845916947706299,0.35885283230730347
0.8088761021915134,-0.0031814737772627444,0.10632906294092256,0.6237300108429248,0.5552339642796862,0.5501600844155718,-0.6627951630025398,0.0026069078132931523,0.7487962178938203,0.41432287587619654,-0.8316901159337636,0.3696323924979528
0.8097592354391339,-0.0023755779609031247,0.10710186564064939,0.6168260405390336,0.576857341618379,0.5355009272951032,-0.6565977376730219,0.0019262504785746586,0.7542384904271084,0.43405650161656156,-0.8168426390560612,0.3799513869224868
0.8106369965010645,-0.0015343671229132716,0.10785797989215684,0.6091902831435242,0.5981338415225635,0.5206948305379778,-0.6504322952943551,0.0012311329656656805,0.7595632386771608,0.45367943325836313,-0.8013952782098742,0.38979556167469237
0.8115086311944593,-0.00065761071412207,0.10859732128204704,0.6008371499451198,0.6190240249572716,0.5057706750806386,-0.6443033261707574,0.0005221149278606346,0.7647698681834298,0.47314685154941505,-0.7853718761973218,0.3991529443047796
0.8123733810408237,0.00025490693038263124,0.10931982064008694,0.5917843902917046,0.6394902772060418,0.4907580063188118,-0.6382153134176038,-0.0002002595238387,0.7698578918315981,0.4924149156213132,-0.7687991579437785,0.40801397723434946
0.8132304840264416,0.0012033861239016674,0.11002542367847307,0.5820529274800641,0.6594971426363592,0.4756867755849062,-0.6321727276760648,-0.0009354640576529464,0.7748269273131908,0.5114411324820198,-0.751706487773968,0.41637161796168876
0.8140791753620901,0.002188011370271137,0.11071409059828966,0.5716666508689664,0.6790116254924334,0.4605870739940306,-0.6261800218929058,-0.0016829923294978196,0.7796766943541525,0.5301847041045782,-0.7341255886991966,0.4242214039279473
0.8149186882409662,0.003208950916562703,0.11138579566447286,0.5606521688499111,0.698003450861514,0.4454888642259295,-0.6202416261738596,-0.002442360156320803,0.78440701172164,0.5486068453137429,-0.7160902299726514,0.43156148091855734
0.8157482545938107,0.0042663563173852,0.11204052675068102,0.5490385283472422,0.7164452811904143,0.4304217158209875,-0.6143619427184785,-0.0032131076477548274,0.7890177940188808,0.5666710666069615,-0.6976358899879165,0.43839259490928484
0.8165671058402737,0.005360362011811309,0.11267828485555233,0.5368569073265864,0.7343128851008508,0.4154145493727893,-0.6085453408438406,-0.003994801289683798,0.7935090482785371,0.5843434171726308,-0.678799402134033,0.44471804828395733
0.8173744736356419,0.006491084913928108,0.11329908359191403,0.5241402873373469,0.7515852566970836,0.4004953946121007,-0.6027961521038719,-0.004787035973476651,0.7978808703655919,0.6015926846286358,-0.6596185914618898,0.4505436223043707
0.8181695906120993,0.00765862401799744,0.11390294865057443,0.5109231133861855,0.7682446850079947,0.38569116682228277,-0.5971186655105429,-0.005589436964837986,0.8021334412012282,0.6183905493348645,-0.640131909961832,0.45587746856139044
0.818951691113773,0.008863060019168617,0.11448991724039317,0.49724094843588323,0.7842767745917147,0.3710274653372713,-0.5915171228625772,-0.006401661806408835,0.8062670228196707,0.6347116924706541,-0.6203780779187262,0.46072997284624856
0.819720011924876,0.010104454950679659,0.11506003750638874,0.4831301295639638,0.7996704195959883,0.3565283970887642,-0.5859957141867456,-0.007223402148481367,0.8102819542703437,0.6505338583519488,-0.6003957382298589,0.4651135954292772
0.820473792990325,0.011382851838425384,0.11561336792768831,0.46862743232777904,0.8144177346637821,0.34221642733069707,-0.5805585732962417,-0.00805438550239798,0.8141786473780868,0.6658378726402585,-0.5802231297865436,0.46904269210659566
0.8212122781282878,0.012698274373764806,0.11614997669717782,0.45376974920659385,0.8285139469670858,0.32811225881701817,-0.5752097734700212,-0.0088943769114621,0.8179575823744919,0.6806076191239352,-0.559897785082579,0.4725333205712275
0.821934715734164,0.014050726605385672,0.1166699410847418,0.4385937871726311,0.8419572543218444,0.3142347398814933,-0.5699533232564766,-0.009743180534423163,0.8216193034136747,0.6948299786008569,-0.5394562561764342,0.4756030366909344
0.8226403594755838,0.015440192651019757,0.11717334678602101,0.423135788530446,0.8547486547774057,0.3006008010982888,-0.5647931624041891,-0.01060064113686145,0.8251644139860629,0.7084947340426697,-0.5189338720527914,0.47827068514608334
0.8233284689780599,0.016866636429765297,0.11766028725863971,0.407431278205628,0.8668917532908021,0.28722541951597363,-0.5597331579219875,-0.011466645486063156,0.8285935722439418,0.7215944466682152,-0.4983645293534602,0.4805561886188717
0.8239983105009933,0.01833000141572627,0.11813086304787557,0.3915148397043265,0.8783925511065617,0.2741216088742401,-0.5547771002699897,-0.012341123645239762,0.8319074862526451,0.7341243078030568,-0.47778051742162875,0.4824803393559197
0.8246491576037898,0.019830210413650268,0.11858518110375552,0.37541992104310634,0.8892592232917896,0.2613004337433651,-0.5499286996827926,-0.013224050163226366,0.8351069091813774,0.7460819714677339,-0.4572123776624638,0.4840645964776355
0.825280291801896,0.02136716535720179,0.11902335409157341,0.3591786710962452,0.8995018895543052,0.24877104517561885,-0.545191582625475,-0.014115445156067516,0.8381926344477002,0.7574673725408015,-0.436688796394275,0.4853308919076286
0.825891003212622,0.022940747130470368,0.1194454996978236,0.3428218060481986,0.909132383032226,0.23654073522333816,-0.5405692883825732,-0.015015375277178465,0.8411654908297439,0.7682825351102353,-0.4162365296648428,0.48630144727026964
0.8264805911906525,0.024550815413266952,0.11985173993353845,0.3263785049886478,0.9181640212202286,0.2246150075530907,-0.5360652657798191,-0.015923954573046104,0.8440263375601307,0.7785313752866915,-0.39588035794600285,0.4869986035778313
0.8270483649532056,0.026197208550730128,0.12024220043701228,0.30987633315421387,0.9266113826232437,0.21299766135791096,-0.5316828700379068,-0.01684134522171727,0.8467760594155795,0.7882195023336792,-0.37564306819661086,0.4874446650202293
0.8275936441948277,0.027879743447719207,0.12061700977787461,0.2933411909062345,0.934490092131681,0.20169088582639133,-0.5274253597572309,-0.017767758151597108,0.8494155618160181,0.7973540215002791,-0.3555454604941381,0.4876617576961963
0.8281157596918546,0.029598215488425644,0.12097629876445741,0.2767972862340309,0.9418166175185982,0.19069536255321587,-0.5232958940321599,-0.018703453538350307,0.8519457659468829,0.8059433414468776,-0.335606376267742,0.48767170369612006
0.8286140538965899,0.03135239848160401,0.12132019975637187,0.26026712837920446,0.9486080788892057,0.1800103734549022,-0.5192975296930892,-0.01964874117797932,0.8543676039181121,0.8139969886553007,-0.3158427451062497,0.48749591057141256
0.8290878815212919,0.03314204463177067,0.12164884598418504,0.2437715400778146,0.9548820723822942,0.16963391197218053,-0.515433218674186,-0.020603980734409468,0.8566820139731338,0.821525430729481,-0.2962696471473093,0.4871552759069224
0.8295366101120668,0.03496688453669558,0.12196237087804483,0.22732968590021793,0.9606565089428946,0.15956279558267494,-0.5117058055045395,-0.021569581860186784,0.8588899357608791,0.828539910035394,-0.2769003881615679,0.48667010645252745
0.8299596206127882,0.0368266272114508,0.12226090740706781,0.2109591142193658,0.9659494685624724,0.14979277790219964,-0.5081180249201787,-0.022546004189141343,0.8609923056835758,0.8350522887095139,-0.2577465846116692,0.48606005106573236
0.8303563079191754,0.03872096013925588,0.12254458743125762,0.1946758104430645,0.9707790700206442,0.14031865890960163,-0.5046724995942182,-0.023533757200130085,0.8629900523328,0.8410749056901293,-0.23881825617380767,0.48534404656536356
0.8307260814231636,0.04064954934931997,0.12281354106767645,0.17849425929127752,0.975163355860831,0.13113439208041736,-0.5013717379822925,-0.024533399951221536,0.8648840920258902,0.8466204460988841,-0.22012392344558057,0.4845402754923997
0.8310683655477057,0.04261203952183171,0.12306789607253896,0.16242751407358105,0.9791201920893988,0.12223318745208045,-0.4982181322802826,-0.02554554068392332,0.8666753244545001,0.8517018230220149,-0.20167070881509994,0.48366613471173664
0.8313826002721337,0.04460805412021632,0.12330777724084674,0.14648727111394103,0.9826671818997025,0.1136076098634579,-0.4952139564913088,-0.026570836297295577,0.8683646284566676,0.8563320715107049,-0.1834644387224926,0.48273821376231024
0.8316682416482089,0.04663719555074097,0.12353330582512152,0.13068394767076102,0.9858215925840126,0.10524967181092264,-0.4923613645988989,-0.027609991692025545,0.8699528579233914,0.860524254435339,-0.16550974579730163,0.48177228186625337
0.8319247623069607,0.04869904534951108,0.1237445989747366,0.11502676190233747,0.9886002947017692,0.09715092054035321,-0.48966238884327623,-0.028663758984769763,0.8714408378502576,0.8642913796854387,-0.14781016959748774,0.4807832825348682
0.8321516519564159,0.05079316439685608,0.12394176919728504,0.09952381362557808,0.9910197125158993,0.08930251914882181,-0.4871189380977052,-0.029732936593286435,0.872829360544261,0.8676463281014823,-0.13036825490296358,0.47978533475458657
0.8323484178702754,0.052919093159074115,0.12412492384335462,0.08418216480435019,0.9930957846840766,0.08169532160149437,-0.48473279634197347,-0.0308183681931108,0.8741191819954558,0.8706017914519496,-0.1131856467253344,0.47879173979510514
0.8325145853675813,0.05507635195746055,0.12429416461601556,0.0690079188802721,0.9948439341929791,0.07431994167953385,-0.48250562123013924,-0.03192094154673668,0.8753110184226445,0.8731702197241562,-0.0962631813841894,0.47781499274998
0.8326496982833873,0.05726444126451144,0.12444958710625768,0.054006298220709896,0.9962790465455119,0.06716681596489169,-0.4804389427498259,-0.033041587206481836,0.8764055430018147,0.8753637769761353,-0.07960097316768389,0.47686679799377146
0.8327533194303938,0.05948284202715101,0.12459128035554144,0.03918171910529477,0.9974154552487806,0.060226261039693384,-0.4785341619705809,-0.03418127709243,0.8774033827855032,0.8771943049946618,-0.06319849624158815,0.47595808781628496
0.8328250310514904,0.06173101601679648,0.12471932644655595,0.024537863802692503,0.9982669337001354,0.05348852513324621,-0.47679254987891656,-0.03534102294704552,0.8783051158208162,0.8786732940177262,-0.04705466159676223,0.4750990435709725
0.8328644352630941,0.06400840620603637,0.12483380012320497,0.010077749404027872,0.9988466926261826,0.04694383449065262,-0.4752152462979545,-0.03652187466827349,0.8791112684732744,0.879811859804654,-0.03116788893157662,0.4742991187495765
0.8328711544891235,0.06631443717165356,0.1249347684407633,-0.004196206821341225,0.999167382292286,0.04058243476546723,-0.47380325888985275,-0.037724918523140104,0.8798223129631217,0.8806207263707049,-0.015536173454339169,0.47356706346696986
0.8328448318854145,0.06864851552369228,0.12502229044707344,-0.01828212569706373,0.9992410987651937,0.03439462775674345,-0.4725574622394155,-0.03895127524408098,0.880438665120236,0.8811102137427758,-0.00015714766311289433,0.4729109499078784
0.8327851317543192,0.07101003036022391,0.12509641689557427,-0.03217860811588739,0.9990793935770769,0.02837080381985361,-0.47147859701764433,-0.04020209801043314,0.880960682363199,0.8812902301364733,0.014971861782022722,0.4723381983502733
0.832691739949186,0.07339835374742454,0.12515718999087352,-0.045884680739054585,0.9986932862038328,0.022501470282284334,-0.4705672692242813,-0.04147857031773964,0.8813886619075599,0.8811702680006163,0.02985378193438505,0.4718556034381032
0.8325643642683607,0.0758128412245426,0.12520464316750168,-0.059399745388898376,0.9980932788328569,0.016777276191652844,-0.4698239495087343,-0.04278190373772974,0.8817228392077581,0.8807594034216998,0.04449174599015621,0.47146936042864873
0.8324027348382989,0.07825283233328056,0.12523880090240036,-0.07272353206574611,0.9972893729547183,0.011189033714626815,-0.4692489725691118,-0.044113335572051056,0.8819633866366225,0.8800662984268375,0.05888905005425268,0.47118509118709645
0.8322066044853191,0.08071765117109178,0.1252596785616228,-0.08585605548980586,0.9962910873687432,0.005727736493471627,-0.46884253662947223,-0.045474126403061005,0.8821104124057942,0.8790992057683669,0.07304911400890297,0.4710078697431084
0.8319757490954772,0.08320660696782359,0.12526728228164094,-0.09879757504561677,0.9951074772440317,0.00038457525241292884,-0.46860470299571483,-0.04686555754519174,0.8821639597298657,0.8778659758160147,0.08697544624201341,0.4709422472613803
0.8317099679619802,0.08571899468511876,0.12526160888557406,-0.11154855798975215,0.9937471539247403,-0.0048490490702234644,-0.4685353956909708,-0.04828892840065167,0.8821240062364374,0.8763740652227863,0.10067161198865981,0.4709922763108674
0.8314090841195102,0.08825409563792658,0.12524264583457204,-0.1241096457708834,0.9922183052115086,-0.009981514405508372,-0.46863440117165467,-0.0497455537234431,0.8819904636237471,0.8746305470683667,0.11414120503985217,0.47116153434564245
0.8310729446647729,0.09081117813742823,0.12521037121450526,-0.13648162330405697,0.9905287158897698,-0.015020968612350902,-0.46890136812574773,-0.051236760795921536,0.8817631775669382,0.8726421222185483,0.12738782257698442,0.47145314633482216
0.8307014210625361,0.09338949815464756,0.12516475375803304,-0.1486653910374715,0.9886857883105006,-0.019975322288263323,-0.469335807355194,-0.05276388652236137,0.8814419278734722,0.8704151316710457,0.14041504289747478,0.47186980649981886
0.8302944094363647,0.09598830000395553,0.12510575290203596,-0.16066193964930642,0.9866965628599532,-0.024852243127669465,-0.46993709174475023,-0.054328274444245386,0.8810264288875769,0.8679555696869563,0.1532264058061303,0.47241379913496
0.8298518308432301,0.09860681704563118,0.12503331888032093,-0.172472327213838,0.9845677381823023,-0.02965915164040397,-0.47070445631980845,-0.05593127168223234,0.8805163301431053,0.8652690975333144,0.16582539545737254,0.47308701850218804
0.8293736315311095,0.10124427240660624,0.12494739285142305,-0.18409765867958391,0.982305691043182,-0.0344032180598276,-0.47163699839618867,-0.057574225810031354,0.8799112172635425,0.8623610576855433,0.1782154254450275,0.4738909878030167
0.8288597831786627,0.10389987971844589,0.12484790706124609,-0.19553906750700792,0.9799164957431236,-0.03909136028595781,-0.4727336778251043,-0.059258481665649405,0.879210613107367,0.8592364883595437,0.19039982594844634,0.4748268772409172
0.8283102831160274,0.10657284387159463,0.1247347850402014,-0.20679769931929035,0.9774059430080897,-0.043730242724175465,-0.47399331733686645,-0.06098537810576114,0.8784139791563484,0.8559001382616088,0.20238183275621427,0.4758955211955611
0.8277251545257545,0.10926236178484452,0.12460794183442567,-0.21787469742621057,0.9747795583000446,-0.04832627589425179,-0.4754146029870723,-0.06275624470919158,0.8775207171438429,0.8523564814607101,0.21416457800105554,0.4770974345367497
0.8271044466228624,0.11196762318894465,0.12446728427057181,-0.2287711900882902,0.9720426195039437,-0.05288561669772701,-0.4769960847093485,-0.06457239843578175,0.8765301709195197,0.8486097323019218,0.22575108245180608,0.47843282811100923
0.8264482348129769,0.1146878114232199,0.12431271125359002,-0.23948827939563266,0.9692001739589949,-0.057414169243954205,-0.4787361769788774,-0.06643514024717043,0.8754416285464083,0.844663860292228,0.23714424922015878,0.47990162343759457
0.8257566208275023,0.1174221042440041,0.12414411409683353,-0.250027031643308,0.9662570548117227,-0.061917586146519356,-0.48063315959110364,-0.06834575169627506,0.8742543246255885,0.8405226049007302,0.24834685875131682,0.4815034666534027
0.8250297328347556,0.12016967464366288,0.12396137688374104,-0.26038846909247965,0.9632178966764903,-0.06640127021219436,-0.4826851785602246,-0.07030549149253289,0.872967442843247,0.8361894902245298,0.2593615649785286,0.48323774174823064
0.8242677255259946,0.12292969167891915,0.12376437686027261,-0.2705735630136891,0.9600871505958818,-0.07087037645418272,-0.48489024714207907,-0.07231559205020799,0.8715801187343143,0.8316678394795429,0.27019089253175854,0.48510358313284085
0.8234707801752633,0.12570132130714545,0.12355298485719035,-0.2805832279156231,0.9568690982989302,-0.07532981437015285,-0.48724624698624036,-0.07437725602732695,0.87009144265627,0.8269607892822206,0.28083723490028467,0.4870998875829158
0.8226391046719947,0.1284837272292492,0.12332706574120356,-0.2904183168694239,0.9535678657596894,-0.07978425043353965,-0.48975092942202597,-0.07649165286303819,0.868500462966222,0.8220713036939027,0.29130285345803136,0.4892253256018295
0.8217729335253123,0.131276071737729,0.12308647889391525,-0.30007961784492215,0.950187436062312,-0.08423811075383485,-0.4924019168832265,-0.07865991532144646,0.8668061893937693,0.817002188004273,0.30158987726870523,0.4914783522448142
0.8208725278390038,0.13407751656843173,0.12283107871743305,-0.30956785098112266,0.9467316615816882,-0.08869558386811144,-0.49519670447625286,-0.08088313605016816,0.8650075966016418,0.8117561022344015,0.3117003035954021,0.49385721744624345
0.8199381752561573,0.13688722375450488,0.1225607151654336,-0.3188836667189182,0.9432042754909464,-0.09316062363196508,-0.4981326616963178,-0.08316236416208872,0.8631036279255891,0.8063355743431141,0.32163599904639245,0.49635997589067304
0.8189701898724926,0.13970435648099985,0.12227523429839397,-0.32802764472918355,0.9396089026088301,-0.09763695218335416,-0.5012070342961228,-0.08549860184897812,0.8610931992844648,0.8007430131231303,0.33139870129513177,0.49898449646696474
0.817968912117451,0.1425280799385504,0.12197447886163379,-0.33700029357427197,0.9359490696012145,-0.10212806295761982,-0.5044169463113625,-0.08789280103582008,0.8589752032509425,0.794980720775526,0.3409900213183647,0.5017284713433419
0.8169347086021681,0.14535756217450188,0.12165828888474238,-0.3458020510453297,0.9322282145519277,-0.10663722373621788,-0.5077594022470869,-0.09034586008483722,0.8567485132728342,0.789050905152845,0.35041144610137387,0.5045894246995472
0.8158679719334943,0.14819197493986458,0.12132650230089512,-0.35443328512198097,0.928449695918597,-0.11116747971554095,-0.5112312894287441,-0.09285862055836983,0.8544119880344729,0.7829556916624747,0.3596643417641808,0.5075647211505884
0.8147691204933073,0.15103049453041228,0.12097895558450329,-0.3628942955046227,0.9246168008895859,-0.11572165658558373,-0.5148293805213289,-0.09543186404983649,0.8519644759472065,0.7766971348229811,0.36874995706668456,0.5106515738946567
0.8136385981824069,0.15387230262025334,0.12061548440557288,-0.37118531567297397,0.920732753158214,-0.12030236361123617,-0.518550336219812,-0.09806630909213718,0.8494048197575553,0.7702772294668164,0.37766942725449837,0.5138470526160335
0.812476874128381,0.1567165870861624,0.12023592429909459,-0.37930651542757376,0.9168007201304463,-0.12491199671163113,-0.5223907081135,-0.10076260815287581,0.8467318612612296,0.7636979215834412,0.386423778210561,0.517148091171772
0.8112844423568992,0.15956254282095994,0.1198401113477278,-0.38725800387367854,0.9128238195821018,-0.12955274153531657,-0.5263469417266142,-0.1035213447258335,0.8439444461107588,0.7569611187972698,0.3950139308805421,0.5205514950890912
0.8100618214259797,0.16240937253423504,0.11942788287598763,-0.39503983280952915,0.9088051257814109,-0.13422657653107756,-0.5304153797368587,-0.1063430305281246,0.8410414287041384,0.7500687004751121,0.4034407059426804,0.5240539488984397
0.8088095540228742,0.16525628753867116,0.11899907815409887,-0.402652000483095,0.9047476750925241,-0.13893527601597147,-0.5345922653732291,-0.10922810281240737,0.8380216771415411,0.7430225274580043,0.4117048286948729,0.5276520233252637
0.8075282065233148,0.1681025085202788,0.1185535391096327,-0.4100944556834599,0.900654471075234,-0.14368041324368958,-0.5388737459937184,-0.11217692180347164,0.8348840782368503,0.7358244514124168,0.41980693413388076,0.5313421823615432
0.8062183685129598,0.17094726629082377,0.11809111104500143,-0.41736710213470324,0.8965284890959052,-0.148463363477639,-0.5432558768430703,-0.11518976826841466,0.831627542570432,0.7284763237958715,0.4277475722031421,0.5351207902363453
0.8048806522710046,0.1737898025207711,0.11761164335885231,-0.4244698031617206,0.892372680464284,-0.15328530707422397,-0.547734624989971,-0.11826684122945581,0.8282510095693832,0.7209800044321242,0.4355272131871851,0.5389841183026254
0.8035156922160163,0.17662937045107846,0.11711499026936903,-0.4314023865987598,0.888189976110591,-0.15814723258268534,-0.5523058734425634,-0.1214082558282718,0.8247534526011904,0.7133373696910469,0.4431462532318249,0.5429283518557988
0.8021241443141862,0.17946523558221344,0.11660101153746177,-0.43816464991267257,0.883983289817039,-0.16304993986858654,-0.5569654254403441,-0.12461404135049599,0.8211338840666321,0.7055503202684847,0.45060501997041885,0.5469495968976456
0.8007066854503029,0.18229667633879104,0.1160695731878112,-0.4447563655139267,0.8797555210177014,-0.1679940432685496,-0.5617090089199154,-0.1278841394187566,0.8173913604775441,0.6976207885614137,0.4579037782373029,0.5510438868574392
0.7992640127618711,0.18512298470829874,0.11552054822570752,-0.4511772862293686,0.8755095571804645,-0.17297997478427765,-0.566532281151297,-0.13121840236234417,0.8135249875049825,0.6895507456338587,0.46504273585030964,0.5552071892804062
0.7977968429369436,0.18794346685238691,0.11495381734762702,-0.45742715091149966,0.8712482757847002,-0.178007987324095,-0.5714308335407329,-0.1346165917711999,0.809533924983289,0.6813422077692908,0.4720220494448254,0.5594354124918939
0.7963059114763358,0.1907574436892927,0.11436926964347655,-0.4635056901597859,0.8669745459081727,-0.18307815800039637,-0.5764001965952728,-0.13807837724156788,0.805417391855469,0.6729972426053701,0.47884183034239275,0.5637244122440644
0.794791971921039,0.19356425144602307,0.11376680328844406,-0.46941263213015993,0.8626912294366741,-0.1881903914913695,-0.5814358450435605,-0.141603335320206,0.8011746710453808,0.6645179748472693,0.48550215043729017,0.5680699983502482
0.7932557950457695,0.19636324217896833,0.11314632622239973,-0.4751477084093921,0.8584011819099122,-0.19334442347523004,-0.5865332031065872,-0.1451909486535548,0.7968051142422515,0.6559065915561682,0.4920030480848128,0.5724679413106235
0.791698168019718,0.19915378426173452,0.11250775681481265,-0.4807106599316034,0.854107253017209,-0.19853982414497975,-0.5916876499113547,-0.148840605347774,0.792308146583188,0.6471653470099435,0.49834453397534656,0.576913978931343
0.7901198935356902,0.20193526283902458,0.11185102451316435,-0.48610124291459034,0.849812286756707,-0.2037760018113689,-0.5968945250396985,-0.15255159854498943,0.7876832712194675,0.6382965671335881,0.5045265969784993,0.5814038229378716
0.7885217889089546,0.20470708024552658,0.11117607047287378,-0.49131923479415407,0.8455191212718979,-0.20905220660132898,-0.6021491342037694,-0.15632312622049535,0.782930073752632,0.6293026534974551,0.5105492099418515,0.5859331655818889
0.7869046851472369,0.20746865638882472,0.1104828481667861,-0.496364440134994,0.8412305883795246,-0.21436753425860194,-0.607446755038931,-0.160154291205037,0.7780482265266627,0.6201860868821123,0.5164123354290167,0.5904976862398379
0.7852694259934156,0.21021942909547853,0.10977132397231576,-0.5012366964971989,0.8369495128030934,-0.21972093005273627,-0.6127826430041909,-0.1640441014356259,0.7730374927627871,0.6109494304092385,0.5221159313819516,0.5950930579999942
0.7836168669425938,0.21295885441950543,0.10904147773438866,-0.5059358802377749,0.8326787111265174,-0.22511119280193437,-0.6181520373795549,-0.16799147043765297,0.7678977305238637,0.6015953322388177,0.5276599566926382,0.5997149542337508
0.7819478742353237,0.21568640691262142,0.1082933033023835,-0.5104619122271046,0.8284209904826845,-0.2305369790145083,-0.6235501673490829,-0.17199521804034307,0.7626288964956582,0.5921265278336876,0.5330443766694691,0.6043590551457623
0.7802633238288785,0.21840157985569728,0.1075268090393354,-0.5148147634606774,0.8241791469920586,-0.23599680715291338,-0.6289722581578209,-0.17605407132682308,0.7572310495727849,0.5825458417933975,0.5382691683838975,0.6090210542965894
0.7785641003485537,0.22110388545102086,0.10674201830173813,-0.5189944605469456,0.8199559639667315,-0.24148906202346512,-0.6344135373301771,-0.18016666581933402,0.7517043542375929,0.5728561892602688,0.5433343258831826,0.6136966650905565
0.7768510960210775,0.2237928549750713,0.10593896988835282,-0.5230010910526688,0.8157542098956697,-0.2470119992939812,-0.6398692409368285,-0.1843315468993036,0.7460490837207943,0.5630605769014957,0.5482398652553475,0.6183816272207265
0.775125209592303,0.22646803889163108,0.10511771845652185,-0.5268348086876801,0.8115766362272452,-0.2525637501406044,-0.6453346198967104,-0.1885471714611815,0.7402656229332524,0.5531621034721956,0.5529858295327809,0.6230717130621147
0.7733873452314195,0.22912900692519914,0.10427833490456934,-0.5304958383116243,0.8074259749654444,-0.25814232602413106,-0.6508049463002477,-0.1928119097981398,0.7343544711589395,0.5431639599652933,0.5575722934213068,0.6277627340036407
0.7716384114240047,0.23177534809479236,0.1034209067189693,-0.5339844807458722,0.8033049360964811,-0.2637456235951407,-0.6562755197395683,-0.1971240477168883,0.7283162444997843,0.5330694293552394,0.5619993678419386,0.632450546708706
0.7698793198562929,0.23440667070835278,0.10254553828506029,-0.5373011173745346,0.7992162048628217,-0.26937142972621414,-0.6617416736311371,-0.20148178887803156,0.7221516780638054,0.5228818859436022,0.566267204273015,0.6371310592938358
0.7681109842930923,0.23702260231810993,0.10165235116019679,-0.5404462145192593,0.7951624389019268,-0.27501742666846024,-0.6671987815159494,-0.205883257357559,0.7158616278887099,0.5126047943156941,0.5703759988808966,0.6418002374144034
0.7663343194518304,0.2396227896373755,0.10074148430833257,-0.5434203275733284,0.791146265267242,-0.28068119732855534,-0.6726422633222374,-0.21032650042421078,0.7094470725938913,0.5022417079184427,0.5743259964279864,0.6464541102461693
0.7645502398752325,0.24220689841938584,0.0998130942951539,-0.5462241048814517,0.7871702773491889,-0.2863602306614132,-0.678067591575463,-0.21480949152667456,0.7029091147546052,0.49179626727081605,0.5781174939474264,0.6510887763511515
0.7627596588051753,0.24477461329892397,0.09886735544299177,-0.5488582913525876,0.7832370317140832,-0.2920519271726014,-0.683470297540329,-0.21933013348371844,0.6962489819928993,0.4812721978191266,0.5817508441744855,0.6557004094162371
0.7609634870602642,0.24732563759759216,0.09790445994487676,-0.5513237317941218,0.7793490448790251,-0.29775360452353006,-0.6888459772794501,-0.22388626186959779,0.6894680277808227,0.47067330745063757,0.5852264587253463,0.6602852638528806
0.7591626319196934,0.24985969309371392,0.09692461793721974,-0.5536213739567836,0.7755087900408957,-0.3034625032314689,-0.6941902976134374,-0.2284756485862909,0.6825677319522515,0.4600034836798198,0.5885448110147433,0.6648396802463358
0.7573579960159361,0.2523765197579865,0.09592805753072889,-0.5557522712807785,0.7717186937775918,-0.30917579245546284,-0.6994990019672208,-0.23309600561338412,0.675549700920626,0.44926669052258733,0.5917064389047094,0.6693600906429882
0.7555504762388048,0.25487587545609597,0.09491502479931643,-0.557717585334768,0.7679811327396263,-0.31489057585821173,-0.7047679160876094,-0.23774498892569432,0.66841566760082,0.4384669650747753,0.5947119470774754,0.6738430236645876
0.7537409626533896,0.2573575356196398,0.09388578372686775,-0.5595185879405236,0.764298430350086,-0.32060389753313534,-0.7099929536173581,-0.24242020256805075,0.6611674910342804,0.4276084138119159,0.597562009126467,0.6782851094384997
0.7519303374343533,0.2598212928867921,0.0928406161118928,-0.5611566629773099,0.7606728535308115,-0.3263127479849088,-0.7151701215112727,-0.247119202876005,0.653807155717555,0.41669520862822684,0.6002573693601941,0.6826830843334688
0.750119473819005,0.2622669567142626,0.09177982143020257,-0.5626333078613402,0.7571066094723872,-0.33201407015099926,-0.7202955252803069,-0.25183950283065026,0.6463367706352297,0.40573158263336245,0.6027988443147824,0.6870337954908695
0.7483092350815364,0.2646943529621749,0.09070371665589926,-0.5639501346969183,0.753601842465282,-0.3377047654509188,-0.7253653740499955,-0.256578576535153,0.638758567999291,0.39472182572621634,0.6051873239717825,0.691334205141938
0.7465004735307219,0.2671033234535971,0.08961263604109443,-0.5651088710972351,0.7501606308090583,-0.34338169984925576,-0.7303759854200806,-0.2613338638001154,0.6310749016978484,0.38367027996556485,0.6074237726788922,0.695581394702077
0.7446940295333226,0.26949372551052253,0.08850693085490699,-0.5661113606741066,0.7467849838161591,-0.34904170991789885,-0.7353237901127379,-0.2661027748244249,0.6232882454570914,0.3725813347578613,0.6095092297721507,0.6997725686339884
0.7428907305653438,0.2718654314681773,0.08738696908241851,-0.5669595631972917,0.7434768389262564,-0.3546816088823293,-0.7402053363974342,-0.2708826949578355,0.6154011907212572,0.3614594218828683,0.6114448098991451,0.7039050580721103
0.7410913902932105,0.27421832816959363,0.08625313508439977,-0.5676555544253898,0.7402380589465642,-0.36029819263635793,-0.7450172942810614,-0.2756709895312066,0.607416444256337,0.35030901037816475,0.613231703043726,0.7079763242015671
0.7392968076868235,0.27655231644243855,0.08510582921873971,-0.5682015256116495,0.7370704294328723,-0.36588824570930845,-0.7497564594527558,-0.2804650087400025,0.5993368254840833,0.3391346013037623,0.6148711742536901,0.7119839613856667
0.7375077661663483,0.2788673105601472,0.08394546742462958,-0.5685997826893554,0.7339756562253296,-0.3714485471693415,-0.754419756973552,-0.28526209256649576,0.5911652635537296,0.3279407224081575,0.6163645630738198,0.7159257000368369
0.7357250327844872,0.2811632376894273,0.08277248077068224,-0.568852745142784,0.7309553631522414,-0.37697587644634994,-0.7590042447017838,-0.29005957572587227,0.5829047941597336,0.3167319227172935,0.6177132826876088,0.7197994092266988
0.7339493574458524,0.28344003732624734,0.08158731496826482,-0.5689629445709745,0.7280110899142909,-0.3824670190577647,-0.7635071164460436,-0.29485479262142095,0.5745585561145412,0.3055127670677181,0.6189188187718848,0.7236030990319493
0.732181472164942,0.285697660722429,0.0803904298514424,-0.5689330229528358,0.7251442901607031,-0.38791877222052323,-0.7679257048383286,-0.29964508229390024,0.5661297876862139,0.29428783060518177,0.6199827280694292,0.7273349226135674
0.7304220903640877,0.2879360703049814,0.07918229882502323,-0.5687657306232885,0.7223563297679194,-0.39332795033251544,-0.7722574839209314,-0.3044277933502352,0.5576218227114311,0.2830616932696283,0.6209066366855226,0.7309931780278142
0.7286719062126067,0.2901552390903037,0.07796340828229646,-0.5684639239713003,0.7196484853303579,-0.39869139030693096,-0.7765000714415544,-0.3092002888567851,0.5490380864950459,0.2718389342872215,0.6216922381151325,0.7345763097684169
0.7269315940082597,0.2923551500953864,0.07673425699414321,-0.5680305628717701,0.7170219428717863,-0.40400595674315076,-0.780651230852052,-0.31395995118256803,0.5403820915080509,0.2606241266896759,0.6223412910082442,0.7380829100402174
0.7252018076019645,0.29453579574811073,0.07549535547127567,-0.5674687078642225,0.7144777967847746,-0.40926854691813785,-0.7847088730072,-0.31870418677808143,0.5316574328963074,0.2494218318806107,0.6228556166815037,0.7415117197655235
0.7234831798665818,0.2966971772987289,0.07424722530144234,-0.5667815170922519,0.7120170490045603,-0.4144760955826558,-0.7886710575608361,-0.3234304308756076,0.5228677838129742,0.2382365942681304,0.6232370963850405,0.7448616293252499
0.7217763222104414,0.29883930423455884,0.07299039846350146,-0.5659722430185171,0.7096406084225662,-0.41962557954709906,-0.7925359940576895,-0.3281361520972573,0.5140168905880385,0.2270729359822046,0.6234876683339101,0.7481316790378321
0.7200818241361316,0.3009621936998894,0.07172541662031945,-0.5650442289308796,0.7073492905436275,-0.4247140220422853,-0.7963020427202246,-0.3328188569573931,0.5051085677487285,0.21593535169468042,0.6236093245141555,0.7513210593797393
0.7184002528449274,0.30306586992304596,0.07045283039250849,-0.5640009052560074,0.7051438173898322,-0.4297384968411591,-0.7999677149307557,-0.3374760942465513,0.49614669290498953,0.20482830355902684,0.6236041072739883,0.7544291109522109
0.716732152887093,0.30515036365247683,0.0691731986150543,-0.5628457856973477,0.7030248176527286,-0.4346961321280453,-0.8035316734100978,-0.34210545928445435,0.48713520151446715,0.19375621628609271,0.6234741057109913,0.7574553241996366
0.7150780458581466,0.30721571160368866,0.0678870875789242,-0.5615824632149298,0.7009928270944532,-0.4395841141028393,-0.8069927320949247,-0.3467045980303081,0.47807808154171977,0.1827234723712887,0.6232214518666447,0.7603993388857005
0.7134384301410359,0.3092619559187479,0.06659507025976771,-0.5602146058648587,0.6990482891972085,-0.44439969030832693,-0.8103498557169777,-0.35127121103914444,0.46897936802653334,0.1717344074877094,0.6228483167397572,0.7632609433341239
0.711813780694029,0.31128914364001115,0.06529772553583593,-0.5587459525166882,0.697191556059339,-0.44914017266970946,-0.8136021590881666,-0.35580305725365674,0.45984313757630924,0.16079330605871786,0.6223569061306451,0.7660400734414611
0.7102045488840012,0.3132973261996326,0.06399563739726666,-0.5571803084671065,0.6954228895351501,-0.45380294023626894,-0.8167489060964668,-0.36029795762163164,0.4506735027976527,0.14990439702265212,0.6217494563280804,0.7687368114699669
0.7086111623646503,0.3152865589263213,0.06268939414886636,-0.5555215409684632,0.6937424626144937,-0.45838544161611633,-0.8197895084184097,-0.3647537985298254,0.4414746066821576,0.13907184980119505,0.62102822965115,0.7713513846291018
0.7070340249990604,0.3172569005707071,0.061379587608523134,-0.5537735746907013,0.6921503610370827,-0.4628851970959085,-0.8227235239547609,-0.36916853504588276,0.43225061696143013,0.1282997704820344,0.6201955098582322,0.7738841634546767
0.7054735168258995,0.31920841285058066,0.06006681230336201,-0.551940387135182,0.6906465851354406,-0.46729980043845515,-0.8255506549967682,-0.3735401939606885,0.42300572044621154,0.1175921982253613,0.6192535974353043,0.7763356599950576
0.703929994068425,0.32114116001715565,0.05875166466573568,-0.5500260040187112,0.6892310518993983,-0.47162692035215475,-0.8282707461311067,-0.37786687662432983,0.413744117364336,0.10695310190278909,0.6182048047757496,0.7787065258141537
0.7024037891853615,0.32305520844339214,0.05743474223110169,-0.5480344946457818,0.6879035972541026,-0.47586430162726884,-0.8308837818923547,-0.38214676156969507,0.40447001571198393,0.09638637697621177,0.6170514512637179,0.7809975498212138
0.7008952109626005,0.3249506262353097,0.05611664283980805,-0.5459699672867083,0.6866639785425542,-0.4800097659350915,-0.833389884172475,-0.38637810691856567,0.39518762563245097,0.08589584262313979,0.6157958582729639,0.7832096559376197
0.6994045446445838,0.3268274828670982,0.05479796384475209,-0.5438365645788309,0.6855118772028662,-0.4840612122871422,-0.8357893093974039,-0.3905592525659023,0.38590115383628254,0.07548523911405129,0.6144403440928716,0.7853439006110178
0.6979320521041269,0.32868584884071705,0.05347930132683158,-0.5416384589674426,0.684446901629584,-0.4880166171525686,-0.8380824454813857,-0.3946886221389006,0.3766147980762785,0.06515822544632556,0.612987218793148,0.7874014701871767
0.6964779720493723,0.3305257953705552,0.052161249320039474,-0.5393798482024272,0.6834685902076756,-0.49187403423301285,-0.8402698085702168,-0.39876472472821733,0.3673327416904188,0.05491837723838567,0.6114387790383936,0.7893836781499481
0.6950425202664581,0.33234739409361164,0.05084439904799073,-0.5370649509059026,0.6825764145070586,-0.49563159389523215,-0.8423520395850056,-0.40278615638966914,0.3580591482252867,0.04476918488672169,0.609797302863439,0.7912919622396362
0.6936258898964445,0.3341507168055263,0.04952933817359681,-0.5346980022253416,0.6817697826249041,-0.49928750226279434,-0.8443299005784576,-0.40675160141550026,0.3487981561520903,0.03471405198764113,0.608065044420017,0.7931278814599083
0.692228251744955,0.335935835222686,0.04821665006352355,-0.5322832495857898,0.681048042662324,-0.5028400399691826,-0.8462042709160453,-0.4106598333751946,0.33955387368678525,0.02475629402467439,0.6062442287049622,0.7948931129831793
0.6908497546229502,0.3377028207705062,0.046906913068989115,-0.5298249485538546,0.6804104863215159,-0.5062875605756314,-0.8479761432947105,-0.41450971592659747,0.3303303737252753,0.01489913732180767,0.6043370462797806,0.7965894489640799
0.6894905257169869,0.33945174439788633,0.04560069982436495,-0.5273273588251285,0.6798563526089166,-0.5096284886579779,-0.8496466196119912,-0.4183002033989402,0.32113168890397853,0.005145718261873489,0.6023456479910068,0.7982187932702811
0.6881506709872939,0.34118267641771055,0.044298576564961084,-0.5247947403456636,0.6793848316294719,-0.5128613175677433,-0.8512169066986424,-0.42203034115011373,0.3119618067955006,-0.004500917231224506,0.6002721397004135,0.7997831581394829
0.6868302755919474,0.3428956863731757,0.0430011024652764,-0.5222313495769877,0.6789950684567003,-0.5159846068735762,-0.8526883119279545,-0.4256992657013101,0.30282466524842544,-0.014037813948528544,0.5981185770337236,0.8012846607708776
0.6855294043354099,0.34459084292961173,0.041708828998895706,-0.5196414359129705,0.6786861670628704,-0.5189969794900696,-0.8540622387150631,-0.4293062046528657,0.29372414787954726,-0.023462107393005305,0.5958869601560862,0.8027255198588232
0.6842481021396773,0.34626821379136974,0.04042229932112723,-0.5170292382556732,0.6784571942932491,-0.5218971185018086,-0.8553401819195445,-0.4328504763858399,0.28466407972624835,-0.032771023520764775,0.5935792285822376,0.8041080520757875
0.6829863945362694,0.3479278656432468,0.039142047675358276,-0.5143989817560047,0.6783071838680949,-0.5246837636913496,-0.8565237231646069,-0.4363314895545014,0.27564822306590314,-0.041961878230431404,0.5911972560288862,0.8054346685109166
0.6817442881772897,0.3495698641158416,0.03786859882401787,-0.5117548747237601,0.6782351403957625,-0.5273557077806297,-0.8576145260860755,-0.4397487423755557,0.26668027340857653,-0.05103207660505674,0.588742845316576,0.8067078710697684
0.6805217713637873,0.3511942737741327,0.036602467504920425,-0.509101105710232,0.6782400433800422,-0.5299117923961097,-0.8586143315243037,-0.4431018217204775,0.2577638556684538,-0.05997911191150067,0.5862177233279737,0.8079302488398827
0.6793188145896616,0.3528011581285073,0.0353441579136748,-0.5064418407652761,0.6783208512045866,-0.5323509037687114,-0.8595249526719195,-0.44639040201790237,0.24890252051883652,-0.0688005643626045,0.5836235360293318,0.8091044744258967
0.6781353710993652,0.3543905796673806,0.03409416321272615,-0.5037812208692499,0.6784765050770537,-0.5346719681804113,-0.8603482701901811,-0.4496142439734946,0.24009974093469133,-0.0774940996479806,0.5809618435616659,0.8102333002568947
0.6769713774576751,0.35596259991049195,0.03285296506750379,-0.5011233595388525,0.6787059329153418,-0.5368739471701061,-0.8610862273064156,-0.45277319311520253,0.23135890892608288,-0.0860574672396188,0.5782341154080926,0.8113195548675768
0.6758267541298442,0.3575172794818845,0.0316210332100485,-0.49847234060441653,0.6790080531580429,-0.5389558325121632,-0.8617408249047767,-0.45586717817217265,0.22268333246513033,-0.09448849847886057,0.5754417256437571,0.8123661391536119
0.6747014060704535,0.35905467820153675,0.03039882503038676,-0.4958322161547137,0.6793817784809866,-0.5409166409818771,-0.8623141166222136,-0.45889620929602815,0.21407623260835745,-0.10278510445174871,0.5725859482747963,0.8133760226003073
0.673595223319345,0.3605748551945497,0.02918678519582902,-0.4932070046438103,0.679826019401457,-0.5427554089228871,-0.8628082039612159,-0.46186037613347536,0.20554074081569726,-0.11094527366004081,0.5696679526729713,0.8143522394823288
0.6725080816030362,0.362077869016762,0.027985345298265244,-0.4906006891529488,0.680339687751369,-0.5444711866325174,-0.863225231430518,-0.46475984575952844,0.19707989646665658,-0.1189670694956389,0.5666887991128371,0.8152978850307846
0.6714398429400765,0.3635637777956141,0.026794923529452674,-0.4880172157988725,0.6809217000003357,-0.5460630325819261,-0.863567381724535,-0.4675948604808353,0.18869664457361024,-0.12684862752646575,0.563649434418736,0.8162161115624287
0.6703903562488422,0.36503263938506714,0.02561592438418665,-0.48546049227835714,0.6815709804091876,-0.5475300074890087,-0.8638368709518869,-0.4703657355188117,0.18039383369145542,-0.13458815260233084,0.5605506877294025,0.8171101245641164
0.6693594579563272,0.3664845115333406,0.024448738391167193,-0.4829343865370637,0.6822864639940952,-0.5488711682631036,-0.8640359439229233,-0.47307285658239223,0.1721742140223043,-0.14218391578970077,0.557393266388651,0.8179831787239257
0.6683469726065353,0.36791945206223053,0.023293741871296358,-0.4804427255491612,0.6830670992809378,-0.5500855618418092,-0.8641668695056725,-0.4757166773403457,0.16404043571335472,-0.14963425114478038,0.5541777519715014,0.8188385738985151
0.6673527134671393,0.3693375190567413,0.022151296723052487,-0.4779892941923744,0.6839118508290877,-0.5511722189416005,-0.8642319360591862,-0.4782977168031273,0.15599504734544015,-0.15693755233488982,0.55090459645609,0.8196796510043949
0.6663764831331305,0.37073877106376657,0.021021750234526338,-0.47557783420138083,0.6848197015031587,-0.5521301477454827,-0.8642334469527352,-0.4808165566242659,0.1480404946093404,-0.16409226911868174,0.5475741185530127,0.8205097878187521
0.6654180741262437,0.3721232672985506,0.01990543492162334,-0.4732120431806042,0.6857896544706709,-0.5529583275526609,-0.8641737161788161,-0.4832738383312696,0.1401791191663617,-0.1710969036965117,0.5441865002051774,0.821332394673379
0.6644772694890017,0.37349106785766495,0.01880266839188007,-0.4708955736555899,0.6868207349028759,-0.5536557024171668,-0.8640550640674146,-0.4856702604959518,0.1324131576892964,-0.17795000694304158,0.5407417832730038,0.8221509100230342
0.6635538433722956,0.3748422339372418,0.017713753233282375,-0.46863203214021193,0.6879119913552657,-0.5542211748045796,-0.8638798131084542,-0.4880065758539763,0.12474474107945338,-0.18465017453508709,0.5372398664217968,0.8229687958672867
0.662647561615469,0.3761768280552233,0.01663897692741021,-0.46642497819493234,0.6890624968035134,-0.5546535992984855,-0.8636502838888275,-0.49028358838332453,0.11717589385500145,-0.19119604298887732,0.5336805022303877,0.823789533002524
0.6617581823179475,0.3774949142764039,0.015578611786196146,-0.4642779234493348,0.6902713493097729,-0.5549517763911015,-0.8633687911499106,-0.49250215035115086,0.10970853370560667,-0.19758628562204272,0.5300632945427913,0.8246166160783608
0.6608854564015194,0.3787965584390616,0.014532914911527285,-0.4621943305599876,0.6915376722934502,-0.5551144463956614,-0.8630376399709103,-0.49466315933836136,0.10234447120793862,-0.20381960845720143,0.5263876960875392,0.8254535484301984
0.6600291281624343,0.38008182838200744,0.013502128176891724,-0.46017761207259056,0.6928606143797134,-0.5551402835216828,-0.8626591220828966,-0.4967675552509743,0.0950854096964205,-0.20989474608559044,0.5226530063927081,0.8263038366571521
0.6591889358125529,0.3813507941709077,0.012486478230225336,-0.45823112915510733,0.6942393487982028,-0.555027890158218,-0.8622355123178663,-0.4988163173270845,0.087932945283277,-0.21581045751117361,0.5188583700283658,0.8271709849120226
0.6583646120088448,0.3826035283227761,0.011486176517093927,-0.45635819016638257,0.6956730723036357,-0.5547757914145895,-0.8617690651966516,-0.5008104611479787,0.08088856702178833,-0.22156552199778937,0.5150027752122989,0.8280584888674698
0.6575558843705951,0.3838401060275591,0.010501419323312208,-0.4545620490224456,0.6971610035893258,-0.5543824299730646,-0.8612620116590304,-0.5027510356616234,0.07395365720642409,-0.22715873494443406,0.5110850528194789,0.8289698293200753
0.6567624759837414,0.3850606053657909,0.009532387836090343,-0.4528459033204663,0.6987023811640668,-0.5538461613133505,-0.8607165559388766,-0.5046391202264533,0.06712949180345308,-0.2325889038165612,0.5071038758407732,0.8299084653916216
0.6559841058918218,0.38626510752133375,0.008579248222770905,-0.4512128921780402,0.7002964606624801,-0.5531652493748426,-0.8601348725867348,-0.5064758216830231,0.06041724100542894,-0.23785484416452382,0.5030577593419169,0.8308778272847098
0.6552204895730761,0.3874536969882583,0.007642151726224496,-0.44966609374331906,0.7019425115587443,-0.5523378627291692,-0.8595191036417381,-0.508262271460733,0.05381796990298937,-0.24295537576379686,0.4989450609798417,0.8318813085478568
0.6544713394033028,0.3886264617709818,0.00672123477594733,-0.44820852232934694,0.7036398132538416,-0.5513620713428175,-0.8588713559543382,-0.5099996227264821,0.0473326392672347,-0.24788931891572025,0.49476398213991357,0.8329222578035453
0.6537363651041215,0.38978349357681763,0.0058166191139205955,-0.44684312512402885,0.7053876505069566,-0.5502358440175151,-0.8581936986608865,-0.5116890475817013,0.04096210643606056,-0.25265549095188716,0.4905125697647382,0.834003969891423
0.653015274176353,0.39092488800015124,0.004928411934276231,-0.4455727784253335,0.7071853081827552,-0.5489570466045502,-0.8574881608106902,-0.5133317343138393,0.03470712629771996,-0.257252702990326,0.48618871895263815,0.8351296763780843
0.6523077723182812,0.3920507446975039,0.004056706035837009,-0.44440028334987147,0.7090320652878526,-0.5475234410983666,-0.8567567291457652,-0.5149288847079727,0.028568352365049367,-0.26167975699699114,0.4817901764119374,0.8363025353847433
0.6516135638286035,0.3931611675528045,0.0032015799865910367,-0.44332836096176703,0.7109271882721608,-0.5459326857245249,-0.8560013460331263,-0.5164817114237962,0.0225463379337397,-0.2659354432121246,0.477314544865528,0.8375256206847554
0.6509323519939346,0.3942562648322402,0.0023630982991922336,-0.44235964676810524,0.7128699235739638,-0.5441823361474057,-0.8552239075490872,-0.517991435442861,0.016641537318255153,-0.27001853800742637,0.4727592885089568,0.8388019100245523
0.650263839460768,0.39533614932811667,0.0015413116165765948,-0.44149668452702756,0.7148594893917714,-0.5422698479338293,-0.8544262617146882,-0.5194592835905055,0.010854307158990106,-0.27392780224706226,0.4681217396342263,0.8401342726242752
0.6496077285918448,0.3964009384912065,0.0007362569068228104,-0.4407419193151835,0.7168950666713245,-0.5401925804198774,-0.8536102068810583,-0.5208864861365082,0.005184907794526833,-0.27766198023288113,0.4633991065406563,0.8415254558184658
0.6489637218069269,0.39745075455112866,-5.204233360700217e-05,-0.44009768980261965,0.7189757893028162,-0.5379478021395658,-0.8527774902631795,-0.522274274478097,-0.0003664953070915647,-0.2812197993222206,0.4585884828631979,0.842978070802794
0.6483315219080013,0.3984857246243499,-0.0008235758690789363,-0.4395662196856723,0.7211007335315749,-0.5355326979853539,-0.8519298066202389,-0.523623878908546,-0.005799830063936178,-0.28459997031491274,0.4536868584574536,0.8444945774602448
0.6477108323889881,0.39950598080945665,-0.00157834650725034,-0.4391496082321202,0.7232689065953415,-0.532944378281594,-0.8510687970804877,-0.5249365264741631,-0.011115116248241828,-0.28780118871461835,0.44869113198905475,0.8460772682496756
0.6471013577300601,0.4005116602694019,-0.002316369875567423,-0.43884981989793925,0.7254792346131091,-0.5301798899625706,-0.8501960481082314,-0.5262134389221268,-0.016312463912446656,-0.2908221369784149,0.4435981253825658,0.8477282511515006
0.6465028036767079,0.40150290530047594,-0.0030376741925342145,-0.4386686729818171,0.7277305497643517,-0.527236230056363,-0.8493130906103855,-0.5274558307411745,-0.02139207177840998,-0.2936614878771247,0.438404600291571,0.8494494316797094
0.645914877503726,0.4024798633878203,-0.0037423000344651977,-0.4386078272922696,0.7300215768136621,-0.5241103616839196,-0.84842139917974,-0.5286649072968522,-0.026354225594825337,-0.2963179090973865,0.433107276756354,0.8512424939867888
0.6453372882643176,0.4034426872473308,-0.004430300098396239,-0.438668770813029,0.7323509190544074,-0.5207992327889422,-0.8475223914719309,-0.5298418630625813,-0.031199296467579136,-0.2987900692243387,0.427702854218367,0.8531088811086057
0.6447697470245439,0.4043915348538696,-0.005101738961793621,-0.4388528053656643,0.734717043766159,-0.51729979781767,-0.8466174277128784,-0.5309878799474962,-0.0359277391675607,-0.3010766452508649,0.42218803506065805,0.8550497744202413
0.6442119670833759,0.40532656945573664,-0.005756692839659415,-0.4391610312843042,0.7371182673044063,-0.5136090425678426,-0.8457078103332955,-0.5321041257216391,-0.04054009042013671,-0.3031763317651452,0.4165595508401643,0.8570660724012304
0.6436636641786193,0.40624795957541,-0.006395249339603129,-0.43959433113614893,0.7395527399674812,-0.5097240124219703,-0.8447947837266991,-0.5331917525387653,-0.045036967180303714,-0.30508785197238086,0.4108141913702974,0.8591583688399056
0.6431245566790161,0.40715587899660244,-0.007017507215401356,-0.4401533525433697,0.7420184308145115,-0.5056418441707552,-0.8438795341272247,-0.5342518955566797,-0.04941906489719268,-0.30680997070833665,0.40494883679998994,0.861326930641487
0.6425943657628395,0.40805050673772936,-0.007623576119534859,-0.4408384901871359,0.7445131126395073,-0.5013598016169215,-0.842963189603385,-0.5352856716547417,-0.053687155771372265,-0.3083415096013084,0.39896049281722723,0.8635716754432267
0.6420728155833193,0.408932027011926,-0.008213576355153336,-0.4416498671029798,0.7470343473399361,-0.49687531512675875,-0.8420468201638246,-0.53629417824785,-0.05784208700812211,-0.3096813645344389,0.3928463290802894,0.865892149282016
0.6415596334212547,0.4098006291737877,-0.008787638627879301,-0.44258731540844265,0.7495794719528899,-0.4921860252652188,-0.8411314379709899,-0.5372784921959606,-0.061884779069572585,-0.3108285255513112,0.3866037209475128,0.8682875046049756
0.6410545498251807,0.41065650765305073,-0.009345903797821416,-0.4436503566388981,0.7521455856675062,-0.4872898306091177,-0.840217997658568,-0.5382396688079057,-0.0658162239283198,-0.3117820993335018,0.38023029453535095,0.8707564789611129
0.6405572987394785,0.41149986187546406,-0.009888522632139239,-0.44483818190516555,0.7547295381577406,-0.48218493978090043,-0.8393073967484287,-0.5391787409380552,-0.06963748332492428,-0.31254133435864534,0.37372397508409483,0.8732973747611179
0.6400676176208171,0.41233089617113894,-0.010415655558453642,-0.44614963212673153,0.7573279196137397,-0.47686992768123554,-0.838400476162783,-0.5400967181740874,-0.07334968703136371,-0.3131056488203314,0.36708303855000607,0.8759080405417535
0.639585247543346,0.413149819670696,-0.010927472419368508,-0.44758317863618857,0.7599370528815439,-0.47134379582173286,-0.8374980208271611,-0.5409945861139593,-0.07695403112231347,-0.3134746613564064,0.3603061662712695,0.8785858542193736
0.6391099332930474,0.41395684618955675,-0.011424152228335129,-0.44913690449309446,0.7625529881479651,-0.4656060365684387,-0.8366007603598058,-0.5418733057299173,-0.08045177625588124,-0.31364822458887837,0.3533925024727338,0.8813277088622049
