posx,posy,posz,tanx,tany,tanz,normx,normy,normz,binormx,binormy,binormz
-0.3224620991426846,0.6901705092634453,0.014915193371960374,0.8610564410486333,0.43332592123151603,0.2661023324165334,0.42095623736064997,-0.9009790033906239,0.10503657304197446,0.2852676840369839,0.021575018843489467,-0.9582050234715318
-0.32088403439991897,0.6909621898245265,0.015393220499034682,0.8644482601338237,0.43230252379943873,0.25660033801271726,0.41871576139042804,-0.9016240398043533,0.10840296126080776,0.2782199071145687,0.01373385464877655,-0.9604192129073883
-0.31930106983885725,0.6917512453955683,0.015853570508607983,0.8677729504602575,0.43113424831850816,0.24717072313753982,0.41647191411261547,-0.9022674600027882,0.11164486273667584,0.2711480245269603,0.00605727223695489,-0.9625186015076147
-0.3177131404159397,0.6925375187725111,0.016296467512663,0.8710275653479416,0.42982680735453876,0.23782324546486558,0.4142251134240199,-0.9029101908985483,0.11476385572297888,0.264061613667899,-0.001450121012776251,-0.9645047233353259
-0.31612019104003264,0.6933208593486573,0.016722144425595276,0.8742095362313247,0.42838609182646975,0.22856737101313368,0.4119757443905008,-0.9035530953967228,0.1177615804619385,0.25697017880700634,-0.008784083824983566,-0.9663794115538942
-0.31452217646282565,0.6941011230645489,0.017130842706768994,0.8773166683693983,0.42681814201348767,0.21941225364453468,0.40972416045754395,-0.9041969730674114,0.1206397373716127,0.24988312415723418,-0.015940751045217777,-0.968144780865721
-0.31291906116077073,0.694878172344592,0.017522812108086153,0.8803471343060932,0.42512911860409647,0.21036671702993698,0.40747068469451725,-0.9048425609300101,0.12340008526821224,0.24280972845755236,-0.02291664121387202,-0.9698032085541088
-0.3113108192091131,0.6956518760211308,0.017898310426494687,0.8832994652431513,0.42332527402883396,0.20143923915060719,0.4052156110683267,-0.9054905343440072,0.126044439623202,0.23575912123963638,-0.0297086617304949,-0.9713573143650577
-0.3096974341485674,0.6964221092466683,0.018257603261332727,0.8861725405033539,0.421412924305187,0.19263793937431545,0.4029592057422856,-0.9061415080009384,0.12857467085445595,0.22874026091918875,-0.03631411166937104,-0.9728099394682839
-0.30807889884518813,0.6971887533949538,0.018600963776370306,0.8889655752739832,0.41939842160725344,0.18397056811115384,0.4007017083960382,-0.9067960370120809,0.13099270265049517,0.22176191482374136,-0.04273068233166223,-0.974164124735241
-0.3064552153439685,0.697951695951655,0.018928672466387485,0.8916781068286386,0.41728812775439034,0.17544449902385248,0.398443333562446,-0.907454618086378,0.13330051032667245,0.2148326412399679,-0.0489564556411216,-0.9754230885666579
-0.30482639471670353,0.6987108303953428,0.01924101692810024,0.8943099794301604,0.4150883887929462,0.16706672373905546,0.39618427197739525,-0.9081176907930393,0.13550011921197347,0.2079607735352199,-0.054989900509037994,-0.9765902044934913
-0.3031924569046389,0.6994660560695203,0.019538291635224306,0.8968613281186119,0.41280551082372646,0.15884384898031717,0.3939246919386206,-0.9087856389031824,0.13759360306495985,0.20115440638072596,-0.060829867309548785,-0.9776689787636308
-0.3015534305564176,0.7002172780464322,0.01982079771744941,0.899332561586286,0.4104457372055769,0.15078209602077858,0.39166474066963397,-0.9094587918048684,0.13958308251724919,0.19442138407808224,-0.06647558061874558,-0.9786630281126204
-0.2999093528618285,0.7009644069833892,0.020088842743077484,0.9017243443368418,0.4080152272428807,0.14288730233380892,0.3894045456850263,-0.9101374259858316,0.14147072354279921,0.18776929096668216,-0.07192663038003336,-0.9795760579005816
-0.2982602693818486,0.7017073589723438,0.02034274050506696,0.9040375783182709,0.40552003644227796,0.13516492530345972,0.38714421615345573,-0.9108217665781806,0.1432587359511757,0.18120544386790044,-0.0771829616641892,-0.9804118407798743
-0.2966062338754547,0.7024460553834558,0.02058281081021042,0.9062733842098416,0.4029660984019479,0.127620047843403,0.38488384425473815,-0.9115119889593619,0.14494937190289023,0.17473688650234984,-0.0822448631955807,-0.9811741960393197
-0.2949473081236723,0.703180422703377,0.020809379271171748,0.9084330825317972,0.400359208375689,0.12025738576307225,0.3826235065276157,-0.9122082204036306,0.1465449244448714,0.1683703857995489,-0.087112954816333,-0.9818669697514417
-0.293283561751315,0.7039103923689858,0.021022777101090878,0.910518174733837,0.39770500853408314,0.11308129671288106,0.3803632652048167,-0.9129105417783294,0.14804772606402025,0.1621124300048951,-0.0917881740580007,-0.9824940158296163
-0.29161507204684606,0.7046359005972966,0.021223340910475386,0.9125303244046007,0.39500897492648684,0.10609579053647836,0.3781031695322292,-0.9136189892792494,0.1494601472568688,0.15596922847701786,-0.09627176198599992,-0.9830591780825786
-0.2899419237807906,0.7053568882122612,0.02141141250608134,0.9144713387298983,0.3922764061306322,0.09930454085681623,0.3758432570690541,-0.9143335561994095,0.15078459511324893,0.14994671305925011,-0.10056524847568565,-0.9835662733348225
-0.28826420902310035,0.7060733004691692,0.021587338691499734,0.9163431503125795,0.3895124135613836,0.09271089772407036,0.373583554965996,-0.9150541947256019,0.15202351191197003,0.14405054090209604,-0.10467043707114951,-0.9840190756632456
-0.28658202695985935,0.7067850868773565,0.021751471069159267,0.9181477994520384,0.38672191339674994,0.08631790115692112,0.37132408121866584,-0.9157808177571088,0.15317937372647367,0.13828609860898025,-0.10858938956858583,-0.9844213017832504
-0.2848954837097063,0.7074922010219045,0.02190416584346515,0.9198874169666376,0.3839096200676458,0.08012829541406359,0.36906484589349664,-0.9165133007410473,0.1542546890384869,0.1326585075751155,-0.11232441045590567,-0.9847765976015456
-0.28320469214032484,0.7081946003850148,0.022045783624799958,0.9215642076280575,0.3810800412481126,0.07414454383976948,0.36680585232363005,-0.9172514835188688,0.15525199735774617,0.12717263038880014,-0.11587803132937122,-0.9850885259382646
-0.28150977168533975,0.7088922461677266,0.0221766892341195,0.9231804342629122,0.3782374742746984,0.06836884413559782,0.3645470982723918,-0.9179951721786049,0.15617386784591186,0.12183307816565858,-0.11925299539663799,-0.9853605554078213
-0.27981084816193574,0.7095851031126282,0.022297251507887837,0.9247384025640615,0.3753860039174046,0.06280314391963207,0.36228857706211415,-0.9187441409075385,0.15702289794287208,0.11664421868904007,-0.12245224216400052,-0.9855960504361979
-0.2781080535895001,0.7102731393282029,0.02240784310311124,0.9262404466420283,0.3725295014199178,0.05744915644466398,0.36003027866619003,-0.9194981338400802,0.15780171199374107,0.11161018523379317,-0.12547889239404952,-0.9857982623821372
-0.27640152600956497,0.7109563261154314,0.022508840302233712,0.9276889153358753,0.36967162472363485,0.05230837635728449,0.357772190762473,-0.9202568668957182,0.15851295987488528,0.10673488595565787,-0.12833623340843786,-0.9859703217209774
-0.2746914093073123,0.7116346377972558,0.02260062281768317,0.929086159292841,0.3668158197881723,0.04738209539065262,0.3555142997462183,-0.9210200296020327,0.15915931561748717,0.10202201373445821,-0.13102770479941186,-0.9861152312425583
-0.2729778530348812,0.7123080515514909,0.022683573595865196,0.9304345188170418,0.36396532292041894,0.04267141789459569,0.35325659170096146,-0.9217872868978838,0.15974347602721986,0.09747505636582246,-0.13355688460305568,-0.9862358602087059
-0.27126101223669763,0.712976547247751,0.02275807862041892,0.9317363124795912,0.3611231640246641,0.03817727611746518,0.3509990533259113,-0.9225582809120042,0.1602681592987247,0.09309730700319596,-0.13592747597709331,-0.9863349394111767
-0.26954104727702627,0.7136401072889363,0.02282452671456547,0.9329938264755597,0.35829217068773567,0.03390044516468055,0.3487416728185476,-0.9233326327123893,0.1607361036237005,0.08889187475925096,-0.1381432944166243,-0.9864150570675143
-0.2678181236699262,0.7142987164578046,0.02288330934240413,0.9342093047072696,0.35547497301528175,0.029841557569009636,0.3464844407113135,-0.9241099440219969,0.1611500657915784,0.0848616953832989,-0.14020825553242844,-0.9864786554899327
-0.2660924119117699,0.7149523617691269,0.022934820409017138,0.9353849395684384,0.352674009138188,0.026001117417260543,0.3442273506614713,-0.9248897988964485,0.16151281978181076,0.08100954193879789,-0.1421263634083557,-0.9865280284610176
-0.26436408731646466,0.7156010323279065,0.022979456059274886,0.936522863399595,0.3498915313115261,0.022379513987102695,0.3419704001932932,-0.9256717653595872,0.1618271553470062,0.07733803541248316,-0.14390169954708845,-0.9865653192495655
-0.262633329853499,0.7162447191941086,0.023017614475243343,0.9376251405819339,0.3471296125322313,0.018977034856151417,0.3397135913920103,-0.926455396992908,0.16209587658622077,0.07384965519385123,-0.14553841240695253,-0.9865925192002082
-0.2609003239889126,0.7168834152543297,0.0230496956721204,0.9386937602342704,0.3443901536058376,0.01579387845318023,0.33745693154901324,-0.9272402344750799,0.1623218005078901,0.07054674937068615,-0.14704070752668022,-0.9866114668314386
-0.25916525852927147,0.7175171151008012,0.02307610129263956,0.939730629475951,0.34167489059692074,0.012830166028359114,0.33520043375803615,-0.9280258070679583,0.1625077555819686,0.06743154479290414,-0.14841283822987375,-0.9866238473782174
-0.25742832646871106,0.7181458149180986,0.023097234399906196,0.9407375672173826,0.3389854026023589,0.010085953025735747,0.3329441174621609,-0.9288116340456893,0.1626565802810295,0.06450615686322939,-0.1496590968965562,-0.9866311927173415
-0.25568972483908925,0.718769512377895,0.023113499268644568,0.9417162984391945,0.33632311979101537,0.007561239846783486,0.3306880089516734,-0.9295972260637101,0.16277112161017296,0.06177259901898843,-0.15078380678538914,-0.986634881616166
-0.2539496545632766,0.7193882065420706,0.02312530117484995,0.9426684489208894,0.33368933165792586,0.005255981998748889,0.3284321418129173,-0.9303820864646763,0.16285423362570392,0.05923279187464163,-0.15179131438696325,-0.9866361402479709
-0.2522083203115866,0.7200018977744569,0.023133046183865146,0.943595540380088,0.3310851954454809,0.0031700996257653163,0.32617655732848244,-0.9311657125185538,0.16290877594271239,0.05688857199955757,-0.152685982286002,-0.9866360429201895
-0.25046593036134024,0.7206105876614647,0.02313714093690883,0.9444989859840754,0.32851174468836747,0.0013034864242782878,0.3239213048291726,-0.9319475965943478,0.16293761223175232,0.05474170030990916,-0.15347218250817726,-0.9866355129648218
-0.24872269645953618,0.7212142789418106,0.02313799243610481,0.94538008619627,0.32596989784316077,-0.00034398205271241023,0.32166644199836153,-0.9327272272611745,0.1629436087049634,0.05279387005749882,-0.15415429032563688,-0.9866353237435558
-0.24697883368858362,0.7218129754455254,0.023136007828072166,0.9462400249213871,0.3234604669673759,-0.001772440695698758,0.319412035129481,-0.93350409031662,0.1629296325920575,0.051046714401771484,-0.1547366784941004,-0.9866360997233972
-0.2452345603350393,0.7224066820423956,0.023131594186158566,0.9470798659144265,0.32098416641651306,-0.0029820277342763137,0.31715815933749625,-0.934277669740571,0.16289855060675032,0.04950181355428449,-0.15522371189359194,-0.9866383175818848
-0.24349009776127847,0.7229954045999536,0.02312515829139818,0.9479005494201366,0.31854162153110555,-0.0039728782182577435,0.3149048987253792,-0.9350474485729537,0.16285322740421254,0.04816070148743877,-0.15561974254426422,-0.9866423073042707
-0.24174567028001048,0.7235791499510982,0.023117106412305747,0.9487028890112582,0.3161333772890205,-0.004745118073354791,0.31265234650667384,-0.9358129097140706,0.16279652403032227,0.04702487220145601,-0.1559291049686431,-0.9866482532382626
-0.24000150503154255,0.7241579258713937,0.023107844083614555,0.9494875685955977,0.3137599069012568,-0.005298858720043322,0.3104006050853989,-0.9365735366464709,0.1627312963634827,0.0460957855453062,-0.1561561118715363,-0.9866561950751261
-0.2382578318636819,0.7247317410660632,0.02309777588408343,0.9502551395637976,0.3114216203322166,-0.005634192244163709,0.30814978609460225,-0.9373288140775615,0.16266039354988318,0.0453748725886737,-0.15630505010910142,-0.9866660287290492
-0.2365148832141494,0.7253006051666515,0.02308730521351014,0.9510060180515544,0.3091188727279113,-0.005751187108077386,0.30590001039500675,-0.9380782285024086,0.16258665643316994,0.04486354054309057,-0.1563801769189696,-0.9866775070896926
-0.2347728939953794,0.7258645287373046,0.023076834069086605,0.9517404822919315,0.30685197273780224,-0.005649884391792254,0.3036514080352608,-0.9388212686864573,0.16251291597948306,0.04456317723104287,-0.1563857163837855,-0.986690240625803
-0.23303210148156292,0.7264235232905744,0.023066762821248123,0.9524586700353637,0.30462119071796445,-0.005330294554320817,0.3014041181754067,-0.9395574260681409,0.16244199169893042,0.04447515510228319,-0.1563258561012191,-0.9867036978206015
-0.23129274519778353,0.7269776013126263,0.023057489989170243,0.9531605760168879,0.30242676680500774,-0.004792394706628944,0.299158288975237,-0.9402861950816251,0.16237669006457917,0.044600834796704056,-0.15620474403419907,-0.9867172054224288
-0.22955506681109542,0.7275267762976889,0.023049412016070643,0.953846049452107,0.3002689188517218,-0.004036126388838562,0.2969140774493007,-0.9410070734001804,0.16231980293007484,0.0449415682530039,-0.1560264855159072,-0.986729948496809
-0.22781931002338027,0.7280710627915552,0.023042923044479257,0.9545147915453583,0.29814785021670326,-0.0030613938458206678,0.2946716492903399,-0.9417195621009478,0.16227410594703703,0.045498701362041864,-0.15579514038492073,-0.9867409702686976
-0.22608572046581643,0.7286104764439106,0.023038414691640918,0.9551663529955426,0.29606375740130914,-0.0018680627969476632,0.2924311786630498,-0.9424231657521024,0.16224235698338696,0.046273576163222925,-0.1555147202267506,-0.9867491717462256
-0.22435454559479512,0.7291450340692311,0.023036275825217042,0.9558001314870647,0.2940168375281663,-0.00045595969752221217,0.29019284797004175,-0.9431173924236799,0.16222729454378196,0.04726753258153569,-0.1551891856989211,-0.9867533111197344
-0.22262603458911095,0.7296747537159604,0.02303689233945091,0.9564153691553505,0.29200729565615685,0.0011751285087519099,0.28795684759193263,-0.943801753623586,0.16223163619331613,0.04848190970197686,-0.15482244391761138,-0.9867520029323616
-0.2209004382482516,0.7301996547436487,0.02304064693196551,0.9570111500184478,0.290035351927286,0.0030254541449663184,0.2857233756035654,-0.9444757641605289,0.16225807698567254,0.04991804657708392,-0.15441834588480677,-0.9867437170208525
-0.21917800889161945,0.7307197579076998,0.0230479188813539,0.9575863973682892,0.2881012485411829,0.00509530806061313,0.28349263746828374,-0.9451389419358887,0.1623092878968583,0.05157728256216049,-0.1539806839357484,-0.9867267772277097
-0.21745900025850884,0.7312350854513514,0.023059083825727012,0.9581398711173318,0.28620525655312007,0.0073850183903334445,0.2812648457122984,-0.9457908076667262,0.16238791426568314,0.053460957171563,-0.15351318918739432,-0.9866993598882163
-0.21574366740867132,0.7317456612044763,0.023074513542375674,0.9586701650984567,0.28434768249144105,0.009894948804540477,0.27904021958109637,-0.946430884542406,0.1624965742420822,0.05557040944811753,-0.1530195289694279,-0.9866594920983344
-0.21403226662330174,0.732251510688775,0.023094575728702754,0.9591757043182749,0.2825288747901141,0.012625496242657344,0.27681898467989746,-0.9470586978174825,0.16263785724438554,0.05790697683640204,-0.1525033042202263,-0.9866050497719854
-0.2123250553062812,0.7327526612288977,0.023119633784572192,0.9596547421663215,0.2807492300318248,0.015577088117754299,0.27460137260012096,-0.9476737743437392,0.16281432242656482,0.060471993549248565,-0.151968046831001,-0.986533755498792
-0.21062229188552212,0.7332491420690096,0.023150046596225028,0.9601053575850585,0.2790091989965639,0.018750178979485575,0.27238762053378857,-0.9482756420444581,0.1630284971565144,0.06326678841547287,-0.15141721692220522,-0.9864431762160079
-0.20892423571425903,0.7337409844942961,0.023186168321894518,0.9605254522081568,0.2773092925100724,0.022145246620418075,0.2701779708778034,-0.9488638293341923,0.1632828755062993,0.06629268219546207,-0.15085420003704322,-0.9863307207111189
-0.2072311469721435,0.7342282219568776,0.023228348179260182,0.9609127474772103,0.27565008708579175,0.025762787609155315,0.2679726708299711,-0.9494378644874891,0.16357991675535338,0.06955098434998089,-0.15028230423782934,-0.9861936369744623
-0.20554328656600346,0.7347108902055833,0.023276930234863647,0.9612647817498496,0.2740322303531139,0.029603312232110508,0.26577197197856883,-0.9499972749602041,0.16392204390749052,0.07304298924631175,-0.14970475709169784,-0.986029009424205
-0.20386091603013917,0.7351890274190196,0.023332253195605144,0.9615789074151979,0.27245644626376064,0.03366733882439551,0.2635761298872995,-0.9505415866671774,0.16431164222257139,0.07676997178472666,-0.1491247025330385,-0.9858337560291821
-0.202184297426034,0.7356626743413496,0.023394650202439922,0.9618522880357538,0.2709235400670351,0.03795538746911944,0.2613854036772941,-0.9510703232202193,0.16475105776366136,0.08073318242732382,-0.14854519759094442,-0.9856046253583755
-0.20051369324137153,0.7361318744201812,0.02346444862637326,0.9620818955380953,0.26943440304350025,0.04246797304343845,0.25920005560786835,-0.9515830051304797,0.16524259596037494,0.0849338416104173,-0.14796920897078042,-0.985338193589317
-0.19884936628825767,0.7365966739459575,0.02354196986686229,0.9622645074783033,0.26799001698533664,0.047205597589030146,0.25702035065760614,-0.9520791489793934,0.16578852018917098,0.08937313352109728,-0.14739960948005498,-0.9850308615113271
-0.19719157960055944,0.7370571221922183,0.02362752915271132,0.9623967044116867,0.2665914584102411,0.05216874198430729,0.25484655610729023,-0.9525582665625343,0.1663910503712065,0.09405219921819172,-0.14683917428969762,-0.984678851563362
-0.1955405963302842,0.7375132715561081,0.023721435345552266,0.9624748674002751,0.26523990249424584,0.05735785689568327,0.2526789411261399,-0.953019864010773,0.16705236158839623,0.09897212907781319,-0.14629057702302858,-0.9842782049502438
-0.19389667964293097,0.7379651776984817,0.02382399074599,0.9624951756956144,0.2639366267072708,0.06277335298560419,0.2505177763626968,-0.9534634408932575,0.16777458271823933,0.10413395454393326,-0.14575638566586596,-0.9838247788852776
-0.19226009261176324,0.738412899682966,0.023935490902487155,0.9624536046386546,0.26268301413359546,0.06841559035592351,0.2483633335416519,-0.9538884893067904,0.16855979508793784,0.10953863916508483,-0.1452390582925215,-0.9833142440116297
-0.19063109811096113,0.7388565001133213,0.024056224423061448,0.9623459238229527,0.2614805564577451,0.07428486720655514,0.24621588506778933,-0.9542944929562417,0.16941003114832004,0.11518706889938796,-0.14474093860390008,-0.9827420820593925
-0.1890099587076256,0.7392960452684552,0.024186472789859553,0.9621676955719896,0.26033085659455696,0.08038140769127919,0.2440757036381762,-0.9546809262306826,0.17032727316802504,0.12108004167168358,-0.14426425127546336,-0.982103583799954
-0.18739693655261852,0.739731605234429,0.02432651017666951,0.9619142737861236,0.2592356309404342,0.08670534895512265,0.24194306186355474,-0.9550472532799722,0.17131345194837685,0.12721825616869262,-0.14381109711456655,-0.9813938473640955
-0.18579229327023827,0.7401632540328088,0.02447660326943269,0.9615808032195138,0.25819671122104526,0.09325672734098497,0.23981823189990512,-0.955392927096523,0.1723704455593851,0.13360229986088548,-0.14338344802861247,-0.9806077769951186
-0.18419628984673883,0.740591069744711,0.024637011089807825,0.9611622192522157,0.2572160459089698,0.10003546375716126,0.2377014850909667,-0.9557173886070092,0.17350007809723828,0.14023263624315438,-0.14298314180753352,-0.9797400823132337
-0.1826091865177188,0.741015134629899,0.024807984821846412,0.9606532482275298,0.25629570118311806,0.10704134820222344,0.2355930916224362,-0.9560200657787479,0.1747041184637072,0.1471095912905699,-0.142611876726492,-0.9787852781723219
-0.1810312426544152,0.7414355352402973,0.0249897676418268,0.9600484084295051,0.25543786140011143,0.11427402344938976,0.2334933201884995,-0.9563003727454793,0.17598427916779424,0.15423333913043863,-0.14227120597715812,-0.9777376851950017
-0.1794627166489509,0.7418523625272938,0.025182594551308078,0.9593420117801774,0.2546448290463237,0.12173296789912913,0.23140243767120694,-0.9565577089572245,0.17734221515005694,0.16160388693773695,-0.14196253193879943,-0.9765914310765483
-0.17790386579859782,0.742265711942216,0.025386692213449035,0.9585281663406017,0.25391902413790873,0.12941747761634068,0.2293207088331347,-0.956791458358866,0.17877952262992286,0.1692210590676957,-0.14168710030333248,-0.9753404527525971
-0.17635494618912836,0.7426756835293798,0.02560227879265776,0.9576007797038666,0.2532629830349918,0.13732664757709717,0.22724839602369146,-0.9570009886020129,0.18029773797646295,0.17708448044706257,-0.14144599407189828,-0.9739784995295361
-0.17481621257733845,0.7430823820111222,0.025829563797621115,0.9565535633720048,0.2526793566352643,0.14545935215966319,0.22518575889932008,-0.9571856502946602,0.18189833660296553,0.18519355925424927,-0.14124012744392983,-0.9724991372800108
-0.17328791827284157,0.7434859168642441,0.02606874792778362,0.9553800382118381,0.25217090791160995,0.15381422492533323,0.22313305415775903,-0.957344776293043,0.18358273188580013,0.19354746892836688,-0.1410702396235913,-0.9708957538088039
-0.17177031501923617,0.7438864023873158,0.026320022923338102,0.954073541087237,0.25174050875809795,0.16238963774660745,0.22109053528645725,-0.9574776810399998,0.18535227410801464,0.20214512955796934,-0.14093688857243436,-0.9691615654964415
-0.1702636528747645,0.7442839577583064,0.026583571418801046,0.9526272327668263,0.25139113610881736,0.17118367935331041,0.2190584523251331,-0.9575836599540298,0.18720824942817646,0.2109851887122322,-0.1408404447414275,-0.9672896253289914
-0.1687681800925891,0.7446787070820271,0.026859566800251283,0.9510341072066881,0.2511258672946365,0.18019413338145718,0.2170370516424109,-0.9576619888731219,0.189151878875009,0.22006600179025154,-0.140781084819991,-0.9652728324225021
-0.1672841430008208,0.745070779426903,0.02714817306631663,0.9492870023068977,0.2509478746041092,0.18941845602491966,0.21502657572637027,-0.9577119235572668,0.19118431736842692,0.22938561197811758,-0.14075878554435,-0.9631039431491827
-0.1658117858824408,0.7454603088506044,0.027449544693002457,0.9473786122385995,0.25086041901651385,0.1988537534061768,0.2130272629887911,-0.9577326992534411,0.19330665276762288,0.2389417299183415,-0.14077331761231354,-0.9607755839695622
-0.16435135085526725,0.7458474344141038,0.02776382650246255,0.9453015014345744,0.25086684307743073,0.2084967587995153,0.21103934758280762,-0.9577235303266652,0.19551990494691945,0.24873171321197196,-0.14082423975648847,-0.9582802660702371
-0.1629030777521211,0.7462323001837465,0.02809115353582556,0.9430481203306705,0.25097056289044173,0.21834380985785687,0.20906305923360072,-0.9576836099605814,0.19782502490018,0.25875254589023305,-0.14091089303287968,-0.9556104019002719
-0.1614672040013581,0.7466150552209558,0.028431650930196867,0.9406108229378665,0.2511750592025084,0.22839082601270566,0.2070986230817531,-0.9576121099307966,0.20022289387462583,0.2690008180095213,-0.14103239538667736,-0.9527583236905907
-0.1600439645079281,0.7469958535592196,0.02878543379996786,0.9379818863149074,0.25148386756541324,0.23863328623532348,0.2051462595387638,-0.9575081804540556,0.20271432253498486,0.27947270554095704,-0.14118763656179387,-0.9497163040296361
-0.15863359153513754,0.7473748541680418,0.02915260712257787,0.9351535319992305,0.2519005675614071,0.24906620736584326,0.20320618415424369,-0.9573709501160896,0.2053000501589991,0.2901639507430856,-0.14137527342522457,-0.946476578554962
-0.15723631458728837,0.7477522209035707,0.029533265628880274,0.9321179494391089,0.2524287710878827,0.25968412323531104,0.2012786074942366,-0.9571995258807826,0.207980743865354,0.30106984322348146,-0.14159372578142915,-0.9430313708041328
-0.15585236029337207,0.7481281224456523,0.02992749369828138,0.9288673214524723,0.2530721097035712,0.2704810648232018,0.19936373503007201,-0.9569929931830659,0.21075699787522104,0.31218520191157195,-0.14184117275565644,-0.9393729192491825
-0.15448195229199344,0.748502732221092,0.03033536525883329,0.9253938517176187,0.25383422104739306,0.2814505417093616,0.1974617670371313,-0.956750416107717,0.21362933280868496,0.32350435818054096,-0.14211554982820565,-0.9354935065168668
-0.15312531111770955,0.7488762283129428,0.030756943692466353,0.9216897942779755,0.2547187343507011,0.29258552509411717,0.1955728985029141,-0.9564708376560088,0.21659819501736863,0.3350211403702638,-0.14241454660388567,-0.9313854907720098
-0.15178265408895833,0.7492487933556738,0.031192281745570885,0.9177474850172277,0.25572925507419025,0.3038784326729248,0.19369731904370896,-0.9561532801018885,0.2196639559547245,0.3467288599753893,-0.14273560540243374,-0.9270413392133965
-0.15045419519775882,0.7496206144161166,0.03164142144514179,0.9135593750325982,0.2568693487121407,0.3153211156618749,0.19183521282921417,-0.9557967454391312,0.22282691158550566,0.3586202997723624,-0.14307592075595754,-0.9224536636010592
-0.14914014500135553,0.7499918828601142,0.03210439402071244,0.909118065803013,0.2581425238188168,0.32690484827704835,0.18998675851443286,-0.9554002159206298,0.2260872818360032,0.3706877041658748,-0.14343243989859902,-0.9176152577006159
-0.14784071051598524,0.750362794204852,0.03258121983232386,0.9044163460155907,0.25955221432466213,0.33862031997352404,0.1881521291781489,-0.9549626546907262,0.2294452100867877,0.38292277203835273,-0.14380186433146747,-0.9125191364948233
-0.14655609511293366,0.750733547956872,0.03307190830477451,0.8994472298787043,0.2611017612231968,0.3504576307482405,0.18633149226731024,-0.9544830065112143,0.23290076270967958,0.3953166523851008,-0.14418065254207307,-0.9071585769751501
-0.14528649841704866,0.7511043474358277,0.033576457868418556,0.8942039967132679,0.2627943937231035,0.36240628980430856,0.1845250095466406,-0.9539601985813653,0.23645392865083492,0.4078599430120962,-0.14456502395222784,-0.901527160287399
-0.1440321162078718,0.7514753995840667,0.03409485590678309,0.88868023157645,0.2646332099736129,0.37445521786228136,0.18273283705283325,-0.9533931414520378,0.24010461906185265,0.42054269256265736,-0.1449509641612511,-0.8956188149658727
-0.1427931403235425,0.7518469147621755,0.03462707871129039,0.8828698666343976,0.26662115748472365,0.3865927533858688,0.18095512505268202,-0.9527807300336535,0.24385266698091818,0.43335440612289744,-0.14533423154248484,-0.8894278609509747
-0.14156975856762513,0.7522191065306565,0.03517309144337354,0.8767672229635591,0.2687610133767083,0.3988066629652686,0.17919201800452925,-0.9521218446975372,0.2476978270660107,0.44628405463363024,-0.14571036524037548,-0.8829490540463155
-0.14036215461899873,0.7525921914179554,0.035732848104287826,0.8703670524246694,0.27105536460548696,0.4110841560704808,0.17744365452244515,-0.951415352469814,0.25163977538230886,0.4593200883080471,-0.14607469460288472,-0.8761776304342414
-0.13917050794494648,0.752966388675089,0.03630629151292495,0.863664579220358,0.2735065883214182,0.4234119043495355,0.1757101673425861,-0.9506601083167718,0.25567810924595036,0.4724504542198708,-0.14642235006966048,-0.8691093508342409
-0.1379949937175668,0.7533419200171761,0.03689335329194048,0.8566555407176734,0.2761168325285327,0.4357760656026453,0.17399168329120826,-0.9498549565203065,0.25981234712634127,0.4856626181859199,-0.14674827552041947,-0.8617405438579413
-0.1368357827336267,0.7537190093522024,0.03749395386251075,0.8493362270915984,0.27888799721888147,0.4481623125130559,0.17228832325384427,-0.9489987321417753,0.2640419286092305,0.49894359102025526,-0.14704724207051323,-0.8540681480884698
-0.13569304133796325,0.754097882497402,0.03810800244804347,0.8417035193258873,0.28182171616217705,0.4605558661593845,0.17060020214522084,-0.9480902625722739,0.26836621442284114,0.5122799591848438,-0.14731386328191284,-0.8460897523918681
-0.1345669313505309,0.7544787668836718,0.038735397087156086,0.8337549250943155,0.2849193395338518,0.4729415342730705,0.1689274288795194,-0.9471283691670935,0.2727844865292685,0.5256579198044364,-0.1475426117380167,-0.8378036339551157
-0.133457609997186,0.7548618912484749,0.03937602465624926,0.8254886120395725,0.2881819175649457,0.48530375413916915,0.1672701063406171,-0.9461118689617964,0.2772959482834454,0.5390633199520988,-0.14772783691033886,-0.8292087935399707
-0.13236522984427965,0.7552474853177336,0.04002976090198962,0.8169034379694019,0.2916101853944291,0.49762663997016693,0.16562833135204652,-0.9450395764670824,0.28189972466189867,0.5524817000474388,-0.14786378422434845,-0.8203049874452474
-0.1312899387371332,0.7556357794772421,0.040696470484021835,0.8079989775008293,0.2952045492986883,0.509894034512047,0.1640021946463961,-0.9439103055393316,0.2865948625635342,0.5658983411433365,-0.14794461521124544,-0.8110927556828607
-0.1302318797424482,0.7560270044341738,0.04137600702821585,0.7987755447039057,0.2989650744636811,0.5220895645709694,0.16239178083398642,-0.9427228713234387,0.2913803311846186,0.5792983158102096,-0.14796442861247788,-0.8015734458955321
-0.1291911910946962,0.7564213908692922,0.04206821319075575,0.789234211326557,0.3028914744528327,0.5341967000792279,0.16079716837068958,-0.9414760922642711,0.29625502247011065,0.5926665422610893,-0.14791728228502282,-0.7917492325766394
-0.12816800614652588,0.7568191690805071,0.04277292073336465,0.7793768202218755,0.3069831025080714,0.5461988162522483,0.15921842952479953,-0.9401687921828418,0.3012177516434129,0.6059878412975749,-0.14779721573823826,-0.7816231311952903
-0.1271624533232056,0.7572205686184542,0.04348995060994455,0.7692059936481948,0.31123894480266706,0.5580792583261055,0.15765563034293859,-0.9387998024130201,0.30626725781651104,0.6192469955977697,-0.14759827311793536,-0.7711990068819714
-0.12617465608111977,0.7576258179148103,0.044219113064907264,0.7587251361700079,0.3156576157430806,0.5698214083089514,0.15610883061504363,-0.9373679639943515,0.31140220468244567,0.6324288108141554,-0.14731452644080154,-0.7604815773914023
-0.12520473287031308,0.758035143904083,0.04496020774344578,0.7479384319533257,0.32023735539307396,0.5814087531316074,0.15457808383851648,-0.9358721299163429,0.31662118129187183,0.6455181779036228,-0.14694009887262732,-0.749476410128624
-0.12425279710108061,0.7584487716396471,0.04571302381398933,0.7368508363212677,0.32497602906744666,0.5928249535437947,0.15306343718167506,-0.9343111674093181,0.3219227029154182,0.6585001360749896,-0.14646918783754886,-0.7381899131005714
-0.1233189571145765,0.7588669239048262,0.04647734010305738,0.7254680615131739,0.329871129115347,0.6040539130743908,0.15156493144672578,-0.9326839602767539,0.3273052119933621,0.6713599357124814,-0.14589608774273635,-0.7266293197370284
-0.12240331615741745,0.7592898208198452,0.04725292524271379,0.7137965566716182,0.3349197788848357,0.6150798463577508,0.15008260103248278,-0.9309894112637921,0.3327670791740409,0.6840831006179484,-0.14521521210407104,-0.7148026676100919
-0.12150597236023389,0.7597176794455001,0.0480395378307947,0.7018434821646695,0.3401187388317778,0.6258873461242463,0.14861647389715935,-0.9292264444564374,0.33830660444221633,0.6966554889106568,-0.14442111486319417,-0.7027187711683286
-0.1206270187201263,0.7601507133844179,0.048836926604061075,0.6896166784336223,0.34546441470792955,0.6364614481621692,0.14716657152156715,-0.9273940077057802,0.34392201833845815,0.7090633519318041,-0.14350851069507678,-0.6903871886885762
-0.11976654308696019,0.7605891323807981,0.049644830624402544,0.6771246296372448,0.3509528677358645,0.646787693580047,0.14573290887312004,-0.9254910750714032,0.34961148327044034,0.7212933905215012,-0.1424722941176683,-0.6778181837328104
-0.11892462815343571,0.7610331419195396,0.05046297947818267,0.6643764224404538,0.356579826652753,0.6568521877329146,0.14431549437108154,-0.9235166492780194,0.35537309491677943,0.7333328080685153,-0.1413075572309997,-0.6650226814776724
-0.11810135144885703,0.7614829428256822,0.05129109348879771,0.6513817003662962,0.3623407014816651,0.6666416552224198,0.1429143298535286,-0.9214697641792166,0.3612048837239276,0.745169359776977,-0.14000960593214307,-0.6520122203580976
-0.11729678533651283,0.7619387308650929,0.05212888394247695,0.6381506141935528,0.36823059886833576,0.6761434904378345,0.1415294105465527,-0.9193494872221071,0.36710481649631643,0.7567913976484779,-0.13857397447398043,-0.6387988995323551
-0.11651099701458104,0.7624006963473484,0.052976053327328576,0.6246937689366349,0.3742443388038752,0.6853458031716488,0.1401607250362215,-0.9171549219065651,0.3730707980797787,0.7681879107412867,-0.1369964382595854,-0.6253953227320498
-0.11574404852045922,0.7628690237317632,0.053832295585594006,0.6110221679885062,0.3803764725398701,0.6942374589178771,0.13880825524389556,-0.9148852102326671,0.37910067313798607,0.7793485603391921,-0.13527302478932812,-0.6118145391060714
-0.1149959967384164,0.7633438912375248,0.05469729637904463,0.5971471550402272,0.3866213014921172,0.7028081135416013,0.13747197640547812,-0.9125395351298757,0.3851922280214411,0.7902637097390558,-0.13340002270424045,-0.5980699817011164
-0.11426689341045915,0.7638254704588947,0.055570733367406346,0.5830803544117712,0.39297289692279336,0.7110482420927225,0.1361518570552123,-0.9101171228615058,0.39134319272821383,0.8009244484465814,-0.13137398889583263,-0.5841754042427132
-0.11355678515029718,0.7643139259864377,0.05645227649967521,0.5688336104377799,0.39942512018848303,0.7189491616232233,0.13484785901465596,-0.9076172453979336,0.3975512429554593,0.811322610652189,-0.12919175367910743,-0.5701448168893877
-0.11286571346029523,0.7648094150352301,0.05734158831812946,0.5544189265490352,0.40597164334271096,0.7265030479535747,0.13355993738748503,-0.9050392227520768,0.40381400224034797,0.8214507879412294,-0.12685042405106697,-0.5559924216289266
-0.11219371475128798,0.7653120870810061,0.05823832427482326,0.5398484046760592,0.41260596988665915,0.7337029464181014,0.13228804056072951,-0.9023824252706304,0.4101290441888965,0.8313023362732219,-0.12434738508140822,-0.5417325479700286
-0.11154082036513732,0.7658220835051691,0.05914213306028822,0.525134185576162,0.4193214554699216,0.7405427766995284,0.13103211021313035,-0.8996462758746439,0.4164938947907622,0.8408713773415976,-0.1216802995043604,-0.5273795895559232
-0.11090705659991093,0.7663395372496112,0.060052656944143364,0.5102883906504846,0.4261113283544363,0.7470173319377242,0.1297920813312197,-0.8968302522430327,0.4229060348179114,0.8501527944969943,-0.11884710560091796,-0.5129479422896983
-0.11029244473755331,0.7668645724822379,0.06096953212726345,0.4953230657743358,0.4329687094684523,0.7531222723656072,0.12856788223376264,-0.8939338889327519,0.4293629023046724,0.8591422234821418,-0.11584601347819186,-0.49845194451558955
-0.10969700107393027,0.7673973042741048,0.061892389105120446,0.48025012761382657,0.43988663189325994,0.7588541137850587,0.12735943460518628,-0.890956779429414,0.4358618951064818,0.8678360382837017,-0.11267549986740744,-0.4839058197476854
-0.10912073695111932,0.76793783828903,0.06282085304186769,0.4650813128459719,0.44685805964281106,0.7642102112467021,0.1261666535385532,-0.8878985781223061,0.44240037353427936,0.8762313324552768,-0.10933430157388378,-0.4693236223790585
-0.10856365879182661,0.7684862704865333,0.06375454415469851,0.4498281306395894,0.45387590561490615,0.7691887383389991,0.12498944758869342,-0.8847590021978741,0.448975663061257,0.8843258963056356,-0.10582140772107984,-0.4547191867418432
-0.10802576813580902,0.7690426868389263,0.06469307810797344,0.4345018186921081,0.46093304861176987,0.7737886625240191,0.12382771883599916,-0.8815378334459141,0.45558505709840436,0.8921181903767702,-0.10213605093669653,-0.44010607982386857
-0.10750706167818477,0.7696071630633404,0.06563606641656491,0.41911330305421884,0.4680223493471009,0.7780097169795522,0.12268136296139504,-0.8782349199729134,0.462225819834964,0.8996073156577358,-0.09827769763171536,-0.42549755788170174
-0.10700753130952048,0.7701797643694521,0.06658311685783572,0.4036731619116553,0.4751366653757342,0.7818523694201316,0.12155026933297056,-0.8748501778171724,0.4688951891396882,0.9067929809925356,-0.09424603752354342,-0.41090652712482195
-0.10652716415758196,0.7707605452236321,0.06753383389162873,0.3881915934325059,0.4822688649004267,0.7853177883735897,0.1204343211046665,-0.8713835924605738,0.47559037951851224,0.9136754681441273,-0.09004097255227006,-0.3963455085824125
-0.106065942630647,0.7713495491301986,0.0684878190876095,0.3726783877304776,0.4894118394276827,0.7884078073856347,0.11933339532743549,-0.8678352202321021,0.48230858512401037,0.920255594972526,-0.08566260533459745,-0.38182660720417483
-0.10562384446228074,0.7719468084304233,0.06944467155926838,0.3571429029403794,0.4965585152607205,0.791124887613446,0.1182473630731694,-0.8642051895984926,0.4890469828117493,0.9265346771738017,-0.0811112272937745,-0.367361485190455
-0.10520084275747585,0.7725523441198904,0.07040398840386147,0.34159404535255516,0.5037018638324344,0.7934720792513169,0.1171760895717025,-0.8604937023376432,0.49580273523846113,0.9325144890093456,-0.07638730659597048,-0.35296133949577585
-0.10479690604007649,0.773166165684766,0.07136536514752817,0.326040253508595,0.510834910894315,0.79545298220803,0.11611943436108466,-0.8567010345907593,0.5025729939966775,0.938197223432106,-0.07149147601441597,-0.33863688340398973
-0.10441199830139952,0.7737882709574885,0.07232839619481209,0.31048948612181143,0.5179507445888556,0.7970717064277614,0.1150772514513225,-0.8528275377894479,0.5093549027803668,0.9435854519894965,-0.0664245208325791,-0.32439833203322693
-0.10404607904998112,0.7744186459923388,0.07329267528176392,0.29494921365286,0.525042522442606,0.7983328322151515,0.11404938950164545,-0.8488736394543923,0.5161456005758029,0.9486820848523818,-0.06118736688695866,-0.3102553915946976
-0.10369910336238591,0.7750572649613029,0.07425779593180415,0.27942641334355905,0.5321034773252321,0.7992413708913915,0.11303569201139116,-0.844839843862477,0.5229422248718603,0.9534903312868256,-0.055781068839003474,-0.29621725220134965
-0.10337102193501219,0.7757040900705836,0.07522335191348219,0.26392756749036683,0.5391269224261929,0.7998027260730485,0.11203599752443759,-0.8407267325796647,0.5297419148836772,0.9580136608510977,-0.05020679875457938,-0.28229258400017365
-0.10306178113685055,0.7763590714980638,0.07618893769926414,0.24845866472281086,0.5461062553055528,0.800022655829386,0.11105013984711977,-0.8365349648572433,0.5365418147835503,0.9622557655655242,-0.04446583505835712,-0.2684895363854427
-0.10277132306314643,0.7770221473519704,0.07715414892445645,0.23302520404121566,0.5530349610787161,0.7999072359381509,0.11007794827947424,-0.8322652778894499,0.5433390769327916,0.966220523267919,-0.038559551919852546,-0.2548157400389721
-0.10249958558993605,0.7776932436509346,0.07811858284536648,0.21763220136186884,0.5599066147969076,0.7994628244246597,0.10911924785956766,-0.8279184869308389,0.5501308651082147,0.9699119623331539,-0.032489409117705634,-0.24127831153718132
-0.10224650242942745,0.7783722743255782,0.0790818387957844,0.2022841983159209,0.5667148830859575,0.7986960275352286,0.10817385962065398,-0.8234954852721806,0.5569143577167917,0.9733342279024488,-0.02625694241919739,-0.227883860262939
-0.10201200318620596,0.7790591412417083,0.08004351864087018,0.1869852730503029,0.5734535251057222,0.7976136672638732,0.10724160086076441,-0.8189972440740292,0.563686750992043,0.9764915497366704,-0.019863754503282427,-0.21463849736221413
-0.10179601341425729,0.7797537342451396,0.08100322722752093,0.1717390527843055,0.5801163928912753,0.7962227505212126,0.10632228542434548,-0.8144248120575148,0.5704452621656397,0.979388211778605,-0.013311506447348024,-0.20154784649112162
-0.10159845467480288,0.7804559312281044,0.08196057283029698,0.15654872788365753,0.5866974311350968,0.7945304400068552,0.10541572399542685,-0.8097793150523126,0.5771871326077248,0.9820285234821484,-0.006601909790827559,-0.1886170561073024
-0.10141924459495308,0.7811655982171526,0.08291516759198102,0.1414170672245388,0.593190676466932,0.7925440268214214,0.10452172440180005,-0.8050619554021384,0.5839096309294439,0.9844167929417318,0.0002632808175166146,-0.1758508130704169
-0.10125829692719107,0.7818825894823922,0.08386662795786275,0.12634643463239695,0.599590256285084,0.7902709048317981,0.1036400919295743,-0.80027401122849,0.590610056041287,0.9865573018332543,0.007282274387178642,-0.16325335732914964
-0.10111552160970624,0.7826067476678528,0.08481457510283436,0.11133880619438795,0.6058903871894793,0.7877185467834253,0.102770629647445,-0.7954168355538035,0.5972857401608055,0.988454282158298,0.014453249771467516,-0.1508284974862753
-0.10099082482760399,0.7833379039427045,0.08575863535040947,0.09639578825921297,0.6120853730634208,0.7848944821361007,0.10191313873996737,-0.790491855285527,0.6039340517634466,0.990111894766472,0.021774361277853514,-0.1385796270484532
-0.1008841090750261,0.7840758781730106,0.0866984405827832,0.08151863595378991,0.6181696028472331,0.7818062765851445,0.10106741884903234,-0.7855005700630354,0.6105523984703037,0.9915342096163036,0.029243743712819258,-0.12650974118316435
-0.10079527321821657,0.7848204791136276,0.08763362864107443,0.06670827206221405,0.624137548043388,0.778461513217488,0.10023326842273642,-0.7804445509696804,0.6171382298667212,0.9927251877230523,0.03685951687315561,-0.11462145382129935
-0.1007242125595823,0.7855715046198258,0.08856384371491194,0.0519653061285555,0.6299837599891261,0.7748677752422851,0.0994104850707706,-0.7753254391126307,0.6236890402458587,0.9936886647320475,0.04461978949714339,-0.10291701495997155
-0.10067081890279506,0.786328741878142,0.08948873672055176,0.03729005366097319,0.6357028669291516,0.7710326302278129,0.09859886592539774,-0.7701449440735262,0.6302023712714914,0.9944283360484995,0.05252266268995245,-0.09139832803596738
-0.10063498061898857,0.7870919676559267,0.09040796566673742,0.02268255533020044,0.6412895709177225,0.7669636157705629,0.09779820800708605,-0.7649048422333208,0.6366758145544885,0.9949477434490192,0.060566232837963724,-0.08006696725568195
-0.10061658271410762,0.7878609485690089,0.09132119600755,0.008142596070496699,0.6467386445765246,0.7626682265182892,0.09700830859380015,-0.7596069749750152,0.6431070141376756,0.9952502630961736,0.06874859402654619,-0.06892419478216899
-0.10061550689747523,0.788635441366837,0.09222810098152315,-0.006330275994469594,0.6520449277319678,0.7581539024662781,0.0962289655929388,-0.7542532467683238,0.6494936688839659,0.9953390948750818,0.07706783997527593,-0.05797097769400153
-0.100631631651632,0.7894151932344322,0.09312836193633844,-0.02073673086467679,0.6572033239532233,0.7534280184449479,0.09545997791486932,-0.7488456231405983,0.6558335347629469,0.9952172529701938,0.08552206550360736,-0.04720800464389564
-0.10066483230352496,0.7901999421104319,0.09402166863845096,-0.03507763826685498,0.6622087970102558,0.748497874716989,0.09470114584702333,-0.7433861285386449,0.6621244270313444,0.9948875576007977,0.0941093675388147,-0.036635702157373766
-0.10071498109709967,0.7909894170204719,0.09490771956703743,-0.04935404958678152,0.6670563672694524,0.7433706886033825,0.0939522714274453,-0.7378768440863434,0.6683642223030805,0.9943526278353214,0.10282784567644881,-0.02625425052312999
-0.10078194726737555,0.7917833384251108,0.09578622219170069,-0.06356718015890872,0.6717411080431553,0.738053587059638,0.09321315881674622,-0.732319905243232,0.6745508605049346,0.9936148754069903,0.11167560230192336,-0.01606359923721223
-0.10086559711606272,0.7925814185814777,0.09665689323340873,-0.07771839193132035,0.6762581419084862,0.7325536001263603,0.09248361466735067,-0.7267174993694483,0.680682346714146,0.9926764994567318,0.12065074227992768,-0.006063481972579146
-0.10096579408879203,0.7933833619177848,0.09751945890819597,-0.09180917651482608,0.6806026370103389,0.7268776551815597,0.09176344848895884,-0.7210718632026377,0.6867567528746191,0.9915394821332552,0.12975137221644298,0.0037465689458977065
-0.10108239885401993,0.7941888654198208,0.09837365515319414,-0.10584113861665305,0.6847698033632224,0.7210325719260012,0.09105247300913644,-0.7153852802526678,0.6927722193886909,0.9902055849848813,0.1389755992960853,0.013367208573334332
-0.10121526938367661,0.7949976190285198,0.09921922783461898,-0.11981597985177131,0.6887548891669293,0.7150250580369971,0.09035050452797781,-0.7096600781201108,0.698726956581824,0.9886763460828321,0.14832152969548662,0.022799265889302152
-0.10136426103561172,0.7958093060476764,0.10005593293738238,-0.1337354829182516,0.6925531771515717,0.7088617054305344,0.08965736326576075,-0.7038986257446506,0.7046192460379036,0.9869530778212576,0.1577872665713455,0.032043730854719274
-0.10152922663789918,0.7966236035608598,0.10088353673605281,-0.14760149611728232,0.6961599809685247,0.7025489870762346,0.08897287370257671,-0.6981033305896849,0.7104474418031882,0.9850368653451734,0.1673709076198535,0.04110174197599448
-0.10171001657505571,0.7974401828565658,0.10170181594693976,-0.16141591819342527,0.6995706416451692,0.6960932543143479,0.08829686490893227,-0.6922766357695133,0.7162099714573223,0.9829285655636565,0.17707054220228363,0.049974574366992854
-0.10190647887621423,0.7982587098606339,0.10251055786112866,-0.17518068346643606,0.702780524123027,0.689500734628757,0.08762917086630989,-0.6864210171255813,0.7219053370502015,0.9806288067120583,0.18688424802975176,0.05866362829589401
-0.10211845930530455,0.7990788455749482,0.10330956045834572,-0.18889774722240643,0.7057850139009271,0.6827775298346951,0.0869696307767717,-0.6805389802583163,0.727532115903843,0.9781379884335604,0.19681008739858633,0.06717041820108736
-0.10234580145327701,0.799900246521438,0.1040986325015871,-0.20256907132912544,0.7085795138072641,0.6759296146445403,0.0863180893606892,-0.6746330575211356,0.7330889612787826,0.9754562823571212,0.20684610296629985,0.07549656215801576
-0.10258834683239482,0.8007225651903863,0.10487759361249585,-0.21619661003834764,0.7111594409281026,0.6689628355796421,0.0856743971417172,-0.6687058049832315,0.7385746029049005,0.9725836331556942,0.2169903130569578,0.08364377177718324
-0.10284593497263028,0.8015454504920654,0.10564627432752455,-0.22978229593611527,0.7135202237209326,0.6618829102005566,0.08503841071819805,-0.6627597993677344,0.7439878473769337,0.9695197600754978,0.22724070648383107,0.09161384251235591
-0.10311840352017587,0.8023685482107157,0.1064045161349746,-0.24332802600136316,0.7156572993472436,0.6546954266323309,0.08440999302023185,-0.6567976349718122,0.749327578415314,0.9662641589340901,0.23759523687659279,0.09940864435727613
-0.10340558833808453,0.8031915014598945,0.10715217149305034,-0.25683564773275164,0.7175661112606806,0.6474058433655989,0.08378901355166722,-0.6508219205752602,0.7545927569933123,0.9628161045920122,0.248051816500009,0.1070301129089821
-0.10370732360904208,0.8040139511382323,0.10788910382912029,-0.2703069453040279,0.7192421070914752,0.6400194893181146,0.08317534861635581,-0.6448352763440328,0.7597824213318328,0.9591746539097836,0.2586083095512018,0.11448024077593841
-0.10402344194026528,0.8048355363846506,0.1086151875204242,-0.2837436257092019,0.7206807368719673,0.6325415641450565,0.0825688815280661,-0.6388403307350907,0.7648956867635507,0.9553386492090649,0.2692625249230907,0.12176106930969952
-0.10435377447051644,0.8056558950321049,0.1093303078565139,-0.29714730486047614,0.7218774516524078,0.6249771387898766,0.08196950280347297,-0.632839717408857,0.7699317454684078,0.9513067222638063,0.2800122084226028,0.12887468063972127
-0.10469815097920945,0.8064746640589436,0.11003436098376,-0.3105194936041664,0.7228277025607635,0.6173311562707172,0.0813771103377726,-0.6268360721554146,0.7748898660828168,0.947077298854157,0.29085503443382354,0.13582318999203813
-0.10505639999757885,0.8072914800369914,0.11072725383230443,-0.32386158362289696,0.7235269403649571,0.609608432700363,0.08079160956243382,-0.6208320298404634,0.7797693931852424,0.9426486039227877,0.301788597018333,0.1426087382740822
-0.10542834892187514,0.8081059795754888,0.11140890402587864,-0.33717483319608593,0.7239706156007526,0.6018136585404648,0.08021291358478351,-0.6148302213768859,0.7845697466611171,0.938018667380043,0.3128104004478063,0.1492334849095584
-0.10581382412853513,0.8089177997600497,0.11207923977494814,-0.350460352795271,0.7241541793333268,0.5939514000932149,0.07964094330905092,-0.6088332707276118,0.7892904209503389,0.9331853306109451,0.32391784916733884,0.1556996009093998
-0.10621265109127737,0.8097265785858258,0.11273819975368699,-0.36371909049617646,0.7240730846254146,0.5860261012358334,0.07907562753868086,-0.602843791945244,0.793930984180894,0.9281462537434486,0.33510823719227917,0.16200926216696734
-0.10662465450004946,0.8105319553840955,0.11338573296131665,-0.3769518171956033,0.7237227887895935,0.5780420854051596,0.0785169030597117,-0.5968643862537617,0.7984910771923706,0.9228989237434642,0.3463787369463293,0.1681646429681972
-0.10704965838176506,0.8113335712415308,0.1140217985683818,-0.3901591116283611,0.723098756506821,0.5700035578412275,0.07796471470511473,-0.5908976391773607,0.8029704124533928,0.9174406634078948,0.35772638755466607,0.17416790971005736
-0.10748748622273768,0.8121310694114278,0.11464636574856775,-0.40334134518750403,0.7221964638975917,0.5619146080999758,0.07741901540003415,-0.5849461177212764,0.8073687728772374,0.9117686413322319,0.36914808261268545,0.1800212148235698
-0.1079379610927301,0.8129240957162218,0.1152594134966914,-0.41649866656021245,0.7210114036358742,0.5537792128462312,0.07687976618794792,-0.5790123676092035,0.81168601054008,0.9058798829339636,0.38064055745888603,0.18572669090073465
-0.10840090577051706,0.8137122989406455,0.11586093043352651,-0.42963098620176915,0.7195390911992982,0.5456012389386441,0.07634693623782027,-0.5730989105816863,0.8159220453065246,0.8997712826170846,0.39220037598933116,0.19128644502795744
-0.10887614287085487,0.8144953312149266,0.1164509145981481,-0.4427379606812453,0.7177750723516277,0.5373844468185021,0.07582050283238087,-0.5672082417595798,0.82007686336724,0.8934396171661837,0.40382391706116383,0.19670255333198222
-0.10936349497274875,0.8152728483874607,0.11702937322850329,-0.455818976944806,0.7157149319552809,0.5291324942141032,0.0753004513377181,-0.5613428270764397,0.8241505156936846,0.8868815604607677,0.4155073605438041,0.20197705574791103
-0.10986278474889086,0.8160445103864334,0.11759632253093252,-0.46887313655589774,0.713354304212278,0.5208489401717652,0.07478677515443667,-0.5555051007834413,0.8281431164150181,0.880093699601488,0.4272466730887381,0.20711195102255903
-0.11037383509614962,0.8168099815699043,0.11815178743938533,-0.48189923998605594,0.7106888844314148,0.5125372494233889,0.07427947565068979,-0.5496974630301495,0.8320548411224321,0.8730725525395472,0.4390375937022347,0.212109191970153
-0.11089646926696858,0.817568931063914,0.1186958013650863,-0.4948957710455728,0.7077144424173151,0.5042007970988907,0.07377856207743036,-0.5439222775241603,0.8358859251062415,0.865814587298571,0.45087561921984565,0.21697068100120348
-0.11143051100153895,0.8183210330882051,0.11922840593741785,-0.5078608815597526,0.7044268375731808,0.49584287378966974,0.07328405146629945,-0.5381818692724376,0.8396366615311112,0.8583162428744057,0.4627559897970777,0.22169826594922018
-0.11197578466060149,0.8190659672691948,0.1197496507367963,-0.5207923764138612,0.7008220358032089,0.48746669096652034,0.0727959685105865,-0.5324785224068211,0.8433073995549037,0.850573951892373,0.4746736745471505,0.2262937362237343
-0.11253211535872243,0.8198034189398784,0.12025959302032307,-0.533687699107964,0.6968961282925709,0.4790753867520975,0.07231434542978721,-0.5268144780959482,0.846898542396641,0.8425841650932616,0.48662335747405194,0.23075881932175923
-0.11309932909789155,0.8205330794263835,0.12075829744099534,-0.546543917981511,0.6926453522322328,0.47067203204408203,0.07183922181826229,-0.5211919325455328,0.850410545359122,0.8343433777084625,0.4985994238670352,0.23509517773339117
-0.11367725290128056,0.8212546463209265,0.1212458357612624,-0.5593577132864649,0.6880661135425108,0.46225963698060574,0.07137064447861183,-0.5156130350887311,0.8538439138117074,0.8258481577709335,0.5105959473410372,0.2393044062805038
-0.11426571494700077,0.8219678237409757,0.12172228656171159,-0.5721253653067343,0.6831550116328522,0.45384115773423755,0.07090866724034885,-0.510079886367985,0.857199201138814,0.8170951763918529,0.5226066777259366,0.24338802993045044
-0.11486454470168866,0.8226723225744546,0.12218773494566311,-0.5848427437402479,0.6779088662156484,0.4454195036149551,0.07045335076453532,-0.5045945366095289,0.8604770066595993,0.8080812400126786,0.5346250300257454,0.24734750212917636
-0.11547357305375541,0.8233678607108585,0.12264227224044767,-0.5975052985778321,0.6723247461687595,0.43699754445594896,0.07000476233504509,-0.4991589839914823,0.863677973524279,0.7988033246186633,0.5466440746863582,0.25118420370012434
-0.11609263244612314,0.8240541632581981,0.12308599569613077,-0.610108052729561,0.6664000004146888,0.42857811824899095,0.06956297563716646,-0.4937751731061733,0.8668027865924702,0.789258611872589,0.5586565294268665,0.2548994423565546
-0.11672155700827966,0.824730962745712,0.12351900818243702,-0.6226455966639359,0.6601322907539069,0.42016403898835814,0.0691280705242534,-0.48844499351715087,0.8698521702988526,0.7794445270964476,0.5706547529040912,0.2584944528754257
-0.11736018268747156,0.8253979993123385,0.12394141788461603,-0.6351120853374647,0.6535196265556897,0.411758104674102,0.06870013277318134,-0.4831702784110345,0.8728268865113807,0.7693587789940687,0.582630740492394,0.2619703979804598
-0.11800834737886401,0.826055020880953,0.12435333799897276,-0.6475012377012749,0.6465604011720444,0.4033631054168963,0.06827925382935845,-0.4779528033442194,0.8757277323871319,0.7589994009693442,0.5945761224701572,0.2653283699805382
-0.11866589105449113,0.8267017833184231,0.12475488642877343,-0.6598063390765947,0.6392534298991293,0.39498183157778355,0.06786553054207181,-0.4727942850841527,0.8785555382307986,0.7483647938529611,0.606482164910036,0.26856939320676715
-0.11933265589082068,0.8273380505815583,0.1251461854812144,-0.6720202466914811,0.6315979892662542,0.38661708186724714,0.06745906489094587,-0.4676963805447565,0.881311165360665,0.7374537698057826,0.6183397735712616,0.27169442728749693
-0.12000848639475722,0.8279635948490615,0.12552736156612515,-0.6841353986663319,0.6235938573856484,0.37827167131910205,0.0670599637042973,-0.46266068581532527,0.8839955039867969,0.7262655971197022,0.6301395010882751,0.27470437129500175
-0.12069322952791348,0.8285781966396164,0.12589854489705027,-0.6961438267246901,0.615241355047263,0.36994843904618974,0.06666833837020193,-0.4576887352820878,0.8866094711059878,0.7148000455876182,0.6418715577399353,0.2776000687904238
-0.12138673482897677,0.8291816449162746,0.12625986919533747,-0.7080371728879417,0.6065413871928022,0.3616502556767824,0.06628430454103848,-0.45278200084140563,0.8891540084178692,0.7030574320639543,0.6535258260667935,0.2803823137848629
-0.12208885453399823,0.8297737371773221,0.1266114713978278,-0.7198067103870205,0.5974954843529043,0.35338003036349436,0.06590798183232498,-0.4479418912034634,0.891630080266393,0.6910386657869485,0.6650918795797711,0.2830518576240782
-0.12279944369444301,0.8303542795338398,0.12695349136872436,-0.7314433689907092,0.5881058435820827,0.345140717250411,0.0655394935166307,-0.44316975128509944,0.8940386716107342,0.6787452929848611,0.6765590057714924,0.2856094167922073
-0.123518360292833,0.8309230867741845,0.12728607161618385,-0.7429377649080802,0.5783753683790468,0.33693532127960113,0.06517896621333298,-0.43846686169032434,0.8963807860294637,0.6661795402417785,0.6879162336010395,0.288055681616268
-0.12424546535582298,0.8314799824156369,0.127609357014151,-0.7542802353719161,0.5683077070368204,0.32876690321539115,0.06482652957501728,-0.43383443827695145,0.8986574437616268,0.6533443560562426,0.6991523655738238,0.2903913258380493
-0.12498062306455307,0.8320247987434888,0.12792349452992544,-0.7654608779506183,0.5579072888292654,0.32063858376409893,0.0644823159712524,-0.4292736318075875,0.9008696797882074,0.6402434499891835,0.7102560144806253,0.292617017003533
-0.12572370086212267,0.8325573768378474,0.12822863295792156,-0.7764695945684362,0.5471793574099225,0.31255354666871477,0.06414646017052086,-0.4247855276832009,0.9030185419571938,0.6268813287683085,0.7212156447938225,0.2947334276024875
-0.12647456955804104,0.8330775665884564,0.12852492266005242,-0.787296140138493,0.5361300007772035,0.30451504066247065,0.0638190990209954,-0.4203711457573263,0.9051050891552986,0.6132633286959027,0.7320196186450939,0.29674124687261216
-0.1272331034295032,0.8335852266978448,0.12881251531313764,-0.7979301756309749,0.52476617714865,0.2965263801726809,0.0635003711309268,-0.4160314402289194,0.9071303895291379,0.5993956436976802,0.7426562462282553,0.2986411931639722
-0.12799918031936114,0.8340802246731227,0.12909156366370458,-0.8083613253113174,0.5130957360878041,0.2885909446767948,0.06319041654929479,-0.41176729961177305,0.9090955187584829,0.5852853483534823,0.753113840384668,0.30043402674097985
-0.12877268173064702,0.8345624368067566,0.12936222129052172,-0.8185792377919281,0.5011274342417033,0.2807121766263686,0.06288937644741494,-0.407579546778368,0.9110015583839555,0.5709404152676893,0.7633807750384258,0.3021205628812623
-0.12955349291752496,0.8350317481466653,0.12962464237517074,-0.8285736504479493,0.48887094507625584,0.2728935778716824,0.06259739280216668,-0.40346893907594833,0.9128495941913431,0.556369726169326,0.7734455470562728,0.30370168511401496
-0.1303415029725463,0.8354880524559803,0.1298789814809343,-0.8383344566550854,0.4763368620417181,0.2651387045398536,0.06231460808144816,-0.39943616851259517,0.9146407146544664,0.5415830761798953,0.7832968410150951,0.30517835842551916
-0.13113660491009185,0.8359312521628242,0.130125393340243,-0.8478517752182007,0.4635366946615237,0.2574511603423357,0.062041164932477084,-0.3954818620110162,0.9163760094383313,0.526591170751245,0.7929235962705163,0.3065516422468887
-0.13193869574588554,0.8363612583004592,0.13036403265089622,-0.8571160212759671,0.45048285711489366,0.249834588313264,0.06177720587352478,-0.3916065817277778,0.9180565679640583,0.5114056148562666,0.802315075636179,0.30782270302951437
-0.1327476765724794,0.8367779904381724,0.13059505388124018,-0.8661179778921914,0.43718864897628396,0.24229266100778427,0.061522872989614154,-0.38781082543561113,0.9196834780369024,0.49603889411118285,0.8114609349076771,0.3089928262075242
-0.13356345263060568,0.8371813766032468,0.13081861108445436,-0.8748488674813752,0.423668227881731,0.23482906921867416,0.061278307632741745,-0.3840950269665328,0.9212578245384109,0.4805043476184397,0.8203512924004767,0.31006342734454434
-0.13438593337630514,0.837571353194388,0.1310348577220711,-0.8833004221673321,0.4099365740117381,0.22744750929946786,0.06104365012708468,-0.38045955671340986,0.9227806881835996,0.46481613244182357,0.8289767976203885,0.3110360622642827
-0.13521503254374256,0.8379478648869593,0.1312439464968197,-0.8914649521416693,0.3960094464101741,0.22015166921229276,0.06081903947970639,-0.37690472218766835,0.9242531443438008,0.4489891797580619,0.8373286981505794,0.3119124359714419
-0.13605066820363013,0.838310864530388,0.1314460291948601,-0.8993354110757906,0.38190333129585013,0.21294521344766265,0.060604613097171516,-0.3734307686308304,0.9256762619356343,0.43303914286872575,0.8453989038228754,0.3126944101812505
-0.13689276281718427,0.838660313038095,0.13164125653744221,-0.9069054576472809,0.36763538266468015,0.20583176699083683,0.06040050650850415,-0.37003787967761176,0.927051102376354,0.4169823373994301,0.8531800472448307,0.31338400929245963
-0.13774124328554765,0.8389961792702999,0.13182977804199944,-0.9141695122700911,0.35322335562186613,0.198814898534019,0.06020685309486984,-0.3667261780682983,0.9283787186056299,0.4008356741562262,0.8606655397787502,0.3139834246597683
-0.13859604099461245,0.8393184399100513,0.13201174189265727,-0.9211228081680942,0.33868553302153104,0.1918981031548924,0.06002378382635418,-0.36349572640817385,0.9296601541736427,0.38461658524781717,0.8678496221148658,0.31449501704700045
-0.13945709185519517,0.8396270793328193,0.13218729482011393,-0.927761436002878,0.32404064612150796,0.1850847846988867,0.05985142700614002,-0.3603465279718217,0.9308964423951688,0.36834294421259967,0.8747274086478648,0.31492131717142474
-0.14032433633850852,0.8399220894699929,0.13235658199082304,-0.9340823813578092,0.3093077900798138,0.1783782381145921,0.05968990802242846,-0.3572785275501209,0.9320886055691762,0.35203298100774344,0.8812949249527988,0.3152650242815439
-0.14119771950689017,0.8402034696666096,0.13251974690538498,-0.9400835544894949,0.2945063352228768,0.1717816319982648,0.05953934910834129,-0.35429161233782547,0.9332376542632744,0.33570519281975936,0.8875491377612028,0.31552900274490414
-0.14207719103975353,0.8404712265336397,0.13267693130603053,-0.9457638118821124,0.2796558351006602,0.16529799160415912,0.05939986911007917,-0.35138561285967984,0.9343445866621868,0.31937825173909673,0.8934879769584925,0.31571627665785396
-0.14296270525472912,0.8407253737951454,0.13282827509305842,-0.9511229692764078,0.26477593240772856,0.1589301825722458,0.05927158326354525,-0.34856030393301723,0.9354103879792843,0.3030709104026021,0.899110349256275,0.3158300225247711
-0.14385422112396953,0.8409659321306207,0.13297391625006608,-0.9561618059897804,0.24988626388999952,0.1526808956138882,0.059154602979644526,-0.345815405664902,0.9364360299300427,0.28680190674519945,0.9044161433344258,0.3158735600891616
-0.14475170228560824,0.8411929290128145,0.13311399077779507,-0.9608820604927193,0.23500636537321473,0.14655263237941873,0.059049035638407917,-0.34315058448188496,0.9374224702661627,0.27058986901478776,0.9094062263938002,0.3158503414320589
-0.14565511705035109,0.8414063985413308,0.1332486326363915,-0.9652864173557633,0.22015557804063943,0.14054769270986667,0.05895498439210963,-0.3405654541905115,0.9383706523689541,0.25445322219182326,0.9140824322070754,0.31576393848347545
-0.14656443840319963,0.841606381272292,0.1333779736958654,-0.9693784858259613,0.2053529570546196,0.13466816344886454,0.058872547977489594,-0.33805957706677087,0.9392815049004607,0.23841009691790466,0.9184475408984225,0.31561802911943376
-0.14747964400030666,0.8417929240443384,0.13350214369451602,-0.973162770428559,0.19061718356065735,0.12891590896089708,0.05880182053718432,-0.33563246497275323,0.9401559415106763,0.22247824197733213,0.9225052508185068,0.3154163820396136
-0.14840071616096348,0.8419660798012384,0.1336212702050742,-0.9766446341147191,0.17596648103565835,0.12329256346939063,0.05874289145043298,-0.3332835804987942,0.9409948605991143,0.20667494129421937,0.9262601430061811,0.315162840638296
-0.14932764185473818,0.8421259074113656,0.13373547860829924,-0.9798302545864187,0.16141853684659438,0.11779952529368959,0.05869584517312967,-0.3310123381294811,0.9417991451288675,0.19101693630808236,0.9297176388389966,0.31486130609383445
-0.15026041268377177,0.8422724714842967,0.13384489207375366,-0.9827265745227374,0.14699042977526572,0.11243795302872353,0.0586607610872389,-0.3288181054319362,0.9425696624912231,0.17552035447626194,0.9328839515688083,0.31451571990902544
-0.15119902486025913,0.8424058421847747,0.13394963154746872,-0.9853412465057559,0.13269856414263775,0.10720876367613459,0.058637713359609316,-0.32670020426484025,0.9433072644187935,0.16020064452566765,0.9357660325144282,0.3141300461365752
-0.1521434791791413,0.8425260950442731,0.13404981574620098,-0.9876825734981253,0.11855861103620796,0.10211263270176553,0.05862677081015691,-0.3246579120067172,0.9440127869450774,0.14507251894309212,0.9383715127392795,0.313708253520532
-0.15309378098603632,0.8426333107703912,0.13414556115797246,-0.9897594457576653,0.10458545700982796,0.09714999596255558,0.058627996789415965,-0.32269046280205926,0.9446870504082573,0.13014990405658922,0.9407086410779048,0.31325429777645886
-0.1540499401404466,0.8427275750542975,0.13423698204857665,-0.9915812750874514,0.09079316049106186,0.09232105341680376,0.05864144906540256,-0.3207970488239217,0.9453308594970188,0.11544589792389254,0.9427862193911761,0.3127721042206921
-0.15501197097428712,0.8428089783764419,0.134324190473727,-0.9931579273136582,0.07719491600004798,0.08762577450604478,0.058667179719753895,-0.3189768215516357,0.9459450033361062,0.10097273611113433,0.9446135359270275,0.31226555094289504
-0.1559798922457709,0.8428776158107341,0.13440729629651754,-0.9944996538594959,0.06380302615903029,0.08306390507490519,0.05870523505304575,-0.3172288930624077,0.9465302556092785,0.08674176531930551,0.9462002976428139,0.311738452697034
-0.1569537270887091,0.8429335868273993,0.1344864072098607,-0.9956170232437969,0.050628881355909025,0.0786349756775568,0.058755655499228565,-0.31555233733549504,0.9470873747173287,0.07276342469961584,0.9475565623089501,0.3111945456643289
-0.15793350295727687,0.8429769950946924,0.13456162876356226,-0.9965208532794647,0.037682946820592915,0.07433831110594111,0.058818475549074115,-0.3139461915678626,0.9476171039687485,0.05904723459443579,0.9486926711632969,0.31063747321886065
-0.15891925156629833,0.8430079482796685,0.13463306439569392,-0.9972221446825896,0.024974756781138533,0.07017304096573948,0.05889372368251374,-0.31240945750007704,0.9481201718006611,0.04560179234925015,0.9496191828244787,0.3100707728024449
-0.15991100882711978,0.8430265578481864,0.13470081546791768,-0.9977320167300994,0.012512915288827049,0.0661381111210754,0.05898142230976305,-0.3109411027513766,0.948597292027589,0.032434774764232226,0.9503468091021996,0.3094978639914354
-0.1609088147791271,0.8430329388643194,0.1347649813044198,-0.9980616455249703,0.00030510323801481433,0.06223229582783047,0.059081587721088694,-0.30954006216283925,0.9490491641156324,0.01955294669208978,0.9508863532663826,0.30892203781442423
-0.16191271351698444,0.84302720978935,0.1348256592341103,-0.9982222053457203,-0.011641908942178656,0.05845421037794292,0.05919423004508322,-0.3082052391475808,0.9494764734796499,0.006962175241725906,0.951248651256949,0.30834644735709044
-0.16292275311365964,0.843009492280511,0.13488294463574613,-0.9982248134734522,-0.02332224348174192,0.05480232408273991,0.059319353215290714,-0.30693550704697675,0.9498798918010292,-0.005332550985305754,0.9514445162345484,0.3077740996692144
-0.16393898553931455,0.8429799109896323,0.13493693098563783,-0.9980804788072076,-0.034730892927586646,0.05127497343175811,0.05945695494503578,-0.3057297104919644,0.9502600773636466,-0.017327098217502442,0.9514846867916227,0.30720784896940523
-0.16496146657613833,0.8429385933618588,0.13498770990760492,-0.9978000544985708,-0.0458636938521064,0.04787037527416431,0.05960702671028759,-0.30458666676839663,0.9506176754056683,-0.02901815999349666,0.9513797790646793,0.3066503911255192
-0.16599025572920265,0.8428856694345852,0.13503537122484655,-0.9973941947608953,-0.05671729719643631,0.044586639882330296,0.05976955374038513,-0.3035051671855937,0.9509533184848349,-0.04040322639271122,0.9511402429139333,0.30610425937363794
-0.1670254161334259,0.8428212716367629,0.13508000301340228,-0.996873315938335,-0.06728913581960969,0.041421783770848056,0.05994451501646353,-0.3024839784471244,0.9512676268549459,-0.051480550594857594,0.950776322266941,0.3055718212253882
-0.16806701445672978,0.8427455345887251,0.1351216916568814,-0.9962475618559791,-0.07757738980361838,0.038373742158856645,0.06013188327738635,-0.30152184402296606,0.9515612088512777,-0.0622491133232576,0.9502980196592264,0.30505527650283426
-0.1691151207994785,0.8426585949026749,0.1351605219021478,-0.9955267734153814,-0.08758095003625065,0.03544038097858694,0.06033162503301494,-0.30061748552215617,0.9518346612827315,-0.07270858569684441,0.9497150649479476,0.30455665643173957
-0.17016980859029193,0.8425605909839756,0.135196576915654,-0.9947204623499839,-0.09729938056000845,0.03261950834812024,0.060543700584633285,-0.29976960406509817,0.9520885698285493,-0.08285929098026804,0.949036888124636,0.30407782371780157
-0.1712311544783254,0.8424516628333885,0.1352299383401271,-0.993837789012454,-0.10673288013776146,0.02990888544120564,0.060768064052337145,-0.2989768816546641,0.9523235094375146,-0.09270216568218835,0.9482725961101857,0.3036204735262114
-0.17229923822211052,0.8423319518503879,0.13526068635131755,-0.9928875440306792,-0.11588224344539533,0.027306236701311368,0.061004663409209486,-0.2982379825453035,0.9525400447275885,-0.10223872040990657,0.9474309533793845,0.30318613528256144
-0.17337414257505745,0.8422016006376959,0.13528889971453315,-0.9918781336408071,-0.12474882225979016,0.02480925936065828,0.06125344052208492,-0.2975515546093185,0.9527387303840361,-0.11147100084522661,0.9465203662332751,0.30277617521230177
-0.17445595316771312,0.8420607528071662,0.13531465584068816,-0.9908175684839146,-0.13333448696795905,0.02241563223767286,0.06151433119875173,-0.29691623069952133,0.9529201115541422,-0.12040154916276537,0.9455488705149935,0.30239179953667145
-0.17554475838687997,0.8419095527871501,0.13533803084161214,-0.9897134556370927,-0.14164158868112353,0.020123023797926836,0.061787265241363076,-0.29633063000749177,0.9530847242367053,-0.12903336616890207,0.9445241225480959,0.30203405824488005
-0.1766406492516938,0.8417481456314783,0.13535909958437056,-0.988572993639417,-0.1496729221965246,0.017929099474164316,0.06207216650592846,-0.2957933594166354,0.9532330956645817,-0.13736987439777912,0.943453393065166,0.30170384936517486
-0.1777437192867664,0.8415766768301822,0.13537793574436457,-0.9874029702677994,-0.15743169001057106,0.0158315282503845,0.06236895296767196,-0.295303014849306,0.9533657446786239,-0.14541488236093184,0.9423435638881001,0.3014019236611312
-0.17885406439249504,0.8413952921220912,0.1353946118569877,-0.9862097628165013,-0.16492146754993353,0.013827988523145842,0.06267753679209825,-0.2948581826071886,0.9534831820914624,-0.15317255010965666,0.9412011271193644,0.301128889683708
-0.17997178271264927,0.8412041373094242,0.13540919936763052,-0.98499934063647,-0.17214616975277014,0.011916173260308392,0.06299782441161476,-0.2944574407042227,0.9535859110396516,-0.16064735623446336,0.9400321866049959,0.3008852191143789
-0.18109697449933362,0.84100335807451,0.13542176867983796,-0.9837772696960939,-0.17911001910062618,0.010093794483358693,0.063329716607524,-0.29409936019130484,0.9536744273228028,-0.16784406639410765,0.9388424614347386,0.30067125233958086
-0.18222974197544095,0.8407930997987559,0.1354323892014365,-0.9825487189328512,-0.18581751517290396,0.008358587104333527,0.06367310859723802,-0.29378250647202064,0.9537492197284259,-0.1747677034379563,0.9376372912517851,0.3004872042018392
-0.183370189194702,0.8405735073839935,0.13544112938846284,-0.9813184681751592,-0.1922734057700841,0.006708312152235192,0.06402789012657216,-0.2935054406086863,0.9538107703412875,-0.1814235191597245,0.9364216431536989,0.30033316987810005
-0.18451842189943604,0.8403447250763207,0.13544805678673946,-0.980090917425034,-0.1984826596291749,0.005140759426795782,0.06439394556696397,-0.29326672061796843,0.9538595548361934,-0.1878169676980062,0.9352001199767415,0.3002091308408432
-0.1856745473761191,0.8401068962925655,0.13545323807095586,-0.9788700973045149,-0.20445044073507618,0.0036537496195692696,0.06477115401749756,-0.29306490275535735,0.9538960427532104,-0.19395368057938744,0.9339769697675773,0.30011496086247175
-0.1868386743088732,0.8398601634494922,0.13545673908112962,-0.977659680481833,-0.21018208421450782,0.0022451359437108847,0.065159389411569,-0.29289854278778027,0.953920697754434,-0.19983944338311116,0.9327560962588454,0.3000504320281641
-0.18801091263098849,0.8396046677958704,0.1354586248563344,-0.9764629939066873,-0.2156830737847698,0.0009128053145098172,0.06555852062812373,-0.29276619725365927,0.9539339778615097,-0.20548017399214102,0.9315410701780061,0.30001522072683995
-0.18919137337459158,0.8393405492475243,0.1354589596655974,-0.9752830316974557,-0.2209590207176697,-0.0003453208771309637,0.06596841160730105,-0.29266642470969717,0.9539363356732214,-0.2108819023838448,0.9303351412319819,0.300008913593978
-0.1903801685185619,0.839067946225483,0.1354578070358821,-0.9741224685365014,-0.22601564426925724,-0.0015312863564540932,0.06638892147042479,-0.2925977869637322,0.9539282185625501,-0.2160507519041458,0.9291412506231111,0.30003101338390736
-0.19157741083481838,0.8387869954973465,0.13545522977708693,-0.9729836734427466,-0.23085875351842194,-0.0026470998808453385,0.06681990464420683,-0.29255885029294243,0.9539100688527251,-0.22099292196176287,0.927962043964726,0.3000809447525951
-0.19278321373307467,0.838497832021982,0.13545129000400466,-0.9718687238032384,-0.23549423055160232,-0.0036947354402367075,0.06726121098911758,-0.2925481866467712,0.9538823239718636,-0.22571467207370907,0.9267998844770077,0.30015805993520034
-0.1939976911041818,0.8382005887976667,0.1354460491552002,-0.9707794195574189,-0.2399280149267688,-0.004676132703553166,0.06771268593180577,-0.2925643748338805,0.9538454165859168,-0.23022230718951117,0.9256568663556496,0.30026164430539154
-0.19522095716216345,0.8378953967137833,0.13543956800878013,-0.9697172974391479,-0.24416608934716647,-0.005593197674553216,0.06817417060153572,-0.29260600169251744,0.9537997747097193,-0.23452216421930747,0.9245348282171041,0.3003909218060063
-0.19645312628505693,0.8375823844061869,0.13543190669503913,-0.9686836451921809,-0.24821446647390807,-0.006447803522307714,0.06864550197055413,-0.29267166324362065,0.9537458217960503,-0.2386205996899675,0.9234353665348138,0.3005450602427436
-0.19769431285466485,0.8372616781163399,0.1354231247059819,-0.9676795156847164,-0.2520791768061907,-0.007241791553602663,0.06912651299836775,-0.2927599658260899,0.9536839768026898,-0.24252397845342868,0.9223598489907396,0.30072317643457575
-0.19894463109533111,0.8369334015543309,0.1354132809017341,-0.9667057408578279,-0.2557662575585291,-0.007976972296691582,0.06961703277985931,-0.29286952721356924,0.9536146542375638,-0.24623866337244024,0.9213094276757428,0.30092434121610934
-0.20020419491184813,0.8365976757658756,0.13540243351386538,-0.9657629454510405,-0.2592817424657799,-0.008655126668029497,0.07011688669725079,-0.29299897771216915,0.9535382641821505,-0.2497710059106451,0.9202850520808935,0.3011475842885871
-0.20147311772660392,0.8362546190033987,0.13539064014566252,-0.9648515604560752,-0.26263165244872977,-0.009278007195858372,0.07062589657585523,-0.2931469612385707,0.9534552122933979,-0.253127337556285,0.9192874818296187,0.30139189891738144
-0.20275151231607325,0.8359043466013021,0.13537795776940098,-0.9639718362568341,-0.2658219870755537,-0.009847339276763954,0.0711438808436336,-0.29331213637790526,0.953365899784514,-0.2563139620116984,0.9183172991077939,0.30165624647474537
-0.20403949064676863,0.8355469708555066,0.13536444272067555,-0.9631238554201127,-0.2688587167573548,-0.01036482244355328,0.07167065469455111,-0.2934931774209049,0.9532707233850389,-0.2593371480840189,0.9173749207553964,0.30193956082745765
-0.2053371637107489,0.8351826009073667,0.13535015068986092,-0.9623075451073201,-0.27174777561919783,-0.010832131625004142,0.07220603025571905,-0.29368877537977855,0.953170075280711,-0.2622031232160166,0.9164606099892915,0.302240752569574
-0.20664464136079747,0.834811342632042,0.13533513671078415,-0.9615226890827046,-0.27449505499146426,-0.011250918380183526,0.07274981675836703,-0.29389763898232013,0.9530643430336915,-0.2649180675997557,0.9155744877320746,0.3025587131010453
-0.20796203214537368,0.8344332985314165,0.13531945514670085,-0.9607689392982756,-0.277106397469885,-0.011622812092115043,0.07330182071264651,-0.2941184956437378,0.9529539094838089,-0.26748810881958396,0.9147165435267511,0.3028923185533034
-0.20928944314344358,0.8340485676316445,0.13530315967367612,-0.9600458270398012,-0.27958759149622053,-0.011949421107591314,0.0738618460863088,-0.29435009241575777,0.9528391526315223,-0.26991931697488125,0.9138866460213638,0.3032404335632637
-0.21062697979929326,0.8336572453854062,0.13528630326148008,-0.9593527736220269,-0.2819443664151487,-0.012232333811848115,0.07442969448728678,-0.2945911969125501,0.9527204455033806,-0.2722177002368751,0.9130845530115991,0.30360191489737887
-0.21197474575743183,0.8332594235789454,0.1352689381521167,-0.9586891006245928,-0.28418238796649353,-0.01247311962865826,0.07500516535022968,-0.29484059821303127,0.9525981560008222,-0.2743892007976883,0.912309921032893,0.30397561492751785
-0.21333284269768438,0.8328551902439636,0.13525111583611202,-0.9580540396631185,-0.2863072541754031,-0.012673329938143064,0.0755880561270444,-0.2950971077391635,0.9524726467331833,-0.2764396911735265,0.9115623144966676,0.30436038496059836
-0.21470137017058097,0.8324446295744387,0.13523288702669437,-0.9574467416925645,-0.28832449160644935,-0.012834498906242624,0.07617816248148512,-0.29535956010983383,0.9523442748358757,-0.27837497082754453,0.910841214368129,0.30475507842389726
-0.21608042543314132,0.8320278218484316,0.13521430163200673,-0.9568662858423389,-0.29023955195084417,-0.01295814422132508,0.07677527848787885,-0.295626813969977,0.9522133917746952,-0.28020076308139497,0.9101460263855102,0.3051585539080792
-0.21747010328516256,0.8316048433549414,0.1351954087254968,-0.9563116877846994,-0.29205780891903516,-0.013045767734851445,0.07737919683401709,-0.2958977527945775,0.9520803431373014,-0.281922712287786,0.9094760888228627,0.30556967806993995
-0.21887049590610533,0.8311757663258673,0.13517625651463494,-0.9557819076398615,-0.29378455541380133,-0.013098856004342421,0.07798970902830903,-0.2961712856672332,0.9519454684129222,-0.28354638123944925,0.9088306798004419,0.305987328396912
-0.22028169269268566,0.8307406588731268,0.13515689230811584,-0.9552758574228509,-0.2954250009616921,-0.013118880738120868,0.07860660561125016,-0.29644634803298225,0.9518091007613793,-0.285077248792874,0.908209024148457,0.30641039583537893
-0.22170378009727035,0.8302995849309798,0.13513736248170244,-0.9547924080386059,-0.2969842693831294,-0.013107299142424152,0.07922967637129219,-0.2967219024251093,0.951671566772552,-0.28652070768783955,0.9076102998314821,0.30683778728485644
-0.22313684146717802,0.8298526042036043,0.13511771244287518,-0.9543303958331054,-0.2984673966837817,-0.013065554172494165,0.0798587105651665,-0.2969969391656639,0.9515331862174308,-0.28788206254627463,0.9070336439421821,0.3072684279600977
-0.2245809568849872,0.8293997721179575,0.1350979865944508,-0.9538886287094418,-0.29987932915194015,-0.012995074690175542,0.08049349714275823,-0.29727047703947335,0.9513942717919069,-0.28916652803626774,0.9064781582741565,0.3077012636232488
-0.22603620300994945,0.8289411397819662,0.1350782282973383,-0.9534658918187521,-0.30122492164849174,-0.012897275531361106,0.08113382497657656,-0.29754156394138953,0.9512551288544953,-0.29037922718910547,0.905942914484777,0.3081352626881349
-0.22750265292061395,0.8284767539480697,0.13505847983260008,-0.9530609528368003,-0.3025089360778091,-0.012773557487344767,0.08177948309590945,-0.2978092774966088,0.9511160551591554,-0.2915251898590865,0.9054269588597524,0.30856941819889383
-0.22898037595875523,0.828006656982148,0.13503878236298641,-0.9526725668377668,-0.30373604002937465,-0.012625307204769244,0.08243026092571919,-0.29807272565385384,0.9509773405844119,-0.292609351317518,0.9049293166919484,0.30900274968515246
-0.23046943757471233,0.8275308868378537,0.13501917589411352,-0.9522994807774732,-0.30491080558129574,-0.012453897009383109,0.08308594853033854,-0.29833104725126774,0.9508392668599545,-0.29363655097376606,0.9044489962876442,0.30943430489605367
-0.23196989917423702,0.8270494770363691,0.13499969923545174,-0.9519404375988362,-0.3060377082580216,-0.012260684659272372,0.08374633686202711,-0.2985834125548606,0.950702107291914,-0.29461153121751377,0.9039849926139659,0.3098631614154869
-0.2334818179669495,0.8265624566516011,0.13498038996129252,-0.9515941799728415,-0.3071211261355753,-0.01204701303359417,0.08441121801443477,-0.29882902376938836,0.9505661264879756,-0.2955389363774848,0.903536290601684,0.3102884281609847
-0.23500524681650858,0.8260698503008241,0.13496128437185786,-0.9512594536887268,-0.3081653390884482,-0.011814209763119914,0.08508038548101635,-0.29906711552153553,0.9504315800835061,-0.2964233117928259,0.9031018681179496,0.3107092467688125
-0.23654023409258948,0.8255716781407765,0.13494241745471575,-0.9509350107074092,-0.30917452817301727,-0.01156358680910836,0.08575363441841947,-0.29929695531532124,0.9502987144698296,-0.297269102994125,0.9026806986238106,0.31112479286790623
-0.23808682352477858,0.825067955869213,0.13492382284666124,-0.9506196118924424,-0.3101527751429167,-0.011296439997165312,0.0864307619148878,-0.29951784395961534,0.9501677665257833,-0.2980806549916888,0.9022717535315682,0.31153427724536986
-0.23964505405848316,0.8245586947319112,0.13490553279621903,-0.9503120294329973,-0.31110406209224506,-0.011014048512817596,0.08711156726366708,-0.29972911596770013,0.9500389633536556,-0.2988622116692,0.9018740042771638,0.311936946906372
-0.24121495971295726,0.8240439015351214,0.1348875781269194,-0.9500110489734876,-0.31203227122284627,-0.010717674365546302,0.08779585224144257,-0.29993013992885004,0.9499125220205591,-0.2996179152812672,0.9014864241228331,0.3123320860314145
-0.2427965694415514,0.8235235786634569,0.13486998820149565,-0.9497154714645358,-0.31294118473215915,-0.010408561827975144,0.08848342139175334,-0.30012031885180634,0.9497886493063071,-0.30035180605367373,0.9011079897052976,0.3127190168339204
-0.24438990699428587,0.822997724103202,0.1348527908871445,-0.9494241147499949,-0.3138344848182899,-0.010087936856818016,0.08917408231340311,-0.30029909048018977,0.949667541458764,-0.30106782188528725,0.9007376823446488,0.3130971003213535
-0.2459949907828529,0.8224663314710252,0.13483601252198665,-0.9491358149046951,-0.314715753799074,-0.009757006502049966,0.08986764595378412,-0.3004659275797643,0.9495493839576524,-0.3017697981507192,0.9003744891290026,0.3134657369630082
-0.24761183374815335,0.8219293900480724,0.13481967788285806,-0.9488494273375039,-0.31558847434193105,-0.00941695831058343,0.09056392690707094,-0.30062033819755557,0.9494343512877329,-0.3024614676028365,0.9000174037897932,0.313824367267774
-0.24924044323047387,0.8213868848194146,0.1348038101545561,-0.9485638276741389,-0.31645602980128645,-0.009068959730512378,0.09126274371720652,-0.3007618658928126,0.9493226067222255,-0.3031464603741792,0.8996654273823581,0.3141724722752219
-0.25088082084241037,0.8208387965188205,0.13478843090065798,-0.9482779124339887,-0.3173217046603063,-0.008714157521743829,0.09196391918557593,-0.30089008993979394,0.9492143021173098,-0.3038283040762748,0.8993175687861881,0.3145095739633925
-0.2525329623446455,0.8202851016788182,0.13477356003602195,-0.9479905995149679,-0.31818868507357134,-0.008353677178553317,0.09266728068325726,-0.3010046255024142,0.9491095777184644,-0.30451042399566924,0.8989728450388828,0.3148352355767612
-0.25419685752468735,0.819725772686013,0.1347592158010732,-0.9477008285001594,-0.31906005950722227,-0.007988622369309103,0.0933726604677044,-0.30110512378070814,0.9490085619793887,-0.30519614338535533,0.8986302815175172,0.31514906187779357
-0.25587249007868207,0.8191607778416128,0.13474541473796986,-0.9474075607996819,-0.31993881947297576,-0.007620074398291907,0.09407989600371336,-0.3011912721291849,0.9489113713941538,-0.3058886838500687,0.8982889119806845,0.31545069932563274
-0.25755983749640643,0.8185900814271234,0.13473217166873536,-0.9471097796408837,-0.32082786035225425,-0.00724909169420635,0.094788830288479,-0.30126279414705104,0.9488181103432066,-0.3065911658237049,0.8979477784840865,0.3157398361853561
-0.25925887094955324,0.8180136437751604,0.13471949967543545,-0.9468064899195756,-0.32172998230654276,-0.00687670932964424,0.09549931218053853,-0.30131944974035,0.9487288709537709,-0.30730660913689567,0.8976059311820551,0.31601620257129037
-0.26096955518342047,0.8174314213453258,0.1347074100824694,-0.946496717924619,-0.3226478912699281,-0.006503938575410449,0.09621119673238335,-0.3013610351560401,0.9486437329751368,-0.30803793367253773,0.8972624280269116,0.3162795704278174
-0.26269184841212123,0.8168433668050945,0.1346959124410363,-0.9461795109477474,-0.3235842000196445,-0.006131766493275011,0.09692434552646988,-0.3013873829880461,0.9485627636692694,-0.3087879601068456,0.8969163343775514,0.3165297534510614
-0.26442570221742034,0.8162494291156496,0.13468501451582762,-0.9458539367900455,-0.3245414293203052,-0.005761155570367764,0.09763862701435638,-0.3013983621553312,0.9484860177170961,-0.3095594107332616,0.8965667225281213,0.31676660695480324
-0.2661710614513181,0.8156495536226032,0.13467472227399002,-0.9455190831760377,-0.32552200913740315,-0.005393043398083246,0.09835391685866307,-0.3013938778520292,0.9484135371407745,-0.3103549103663486,0.8962126711670978,0.31699002768388646
-0.2679278641424977,0.8150436821515346,0.13466503987639006,-0.9451740570858506,-0.32652827991554045,-0.0050283423980251605,0.09907009827752344,-0.3013738714696772,0.9483453512421834,-0.31117698732257715,0.8958532647765352,0.3171999535782878
-0.26969604140674486,0.8144317531082763,0.1346559696712069,-0.9448179840154076,-0.327562493916776,-0.004667939597188499,0.09978706239114844,-0.30133832049162385,0.9482814765577953,-0.3120280744747273,0.8954875929806674,0.31739636349095834
-0.27147551736146525,0.8138137015838691,0.13464751218986618,-0.9444500071741078,-0.3286268166144104,-0.004312696454250953,0.1005047085701643,-0.3012872383596496,0.9482219168300435,-0.3129105103764562,0.8951147498524947,0.31757927686241033
-0.2732662090444107,0.8131894594641133,0.13463966614532213,-0.9440692866289201,-0.3297233281374841,-0.00396344873853774,0.10122294478524436,-0.30122067431287036,0.9481666629952263,-0.3138265404534252,0.8947338331864069,0.3177487533549013
-0.27506802633673694,0.8125589555436243,0.1346324284326828,-0.9436749984033055,-0.3308540247612484,-0.0036210064629245593,0.10194168795766828,-0.3011387131990105,0.948115693187907,-0.31477831825725044,0.894343943744311,0.31790489244899955
-0.27688087189050425,0.8119221156443167,0.13462579413216724,-0.9432663335388615,-0.33202082043884695,-0.0032861538716568188,0.10266086431026318,-0.3010414752580884,0.9480689727617414,-0.3157679067784169,0.8939441844822017,0.31804783300508166
-0.278704641060749,0.8112788627382137,0.13461975651437053,-0.9428424971270539,-0.3332255483695004,-0.002959649483798531,0.1033804097183132,-0.3009291158786367,0.9480264543265529,-0.3167972798142289,0.8935336597634965,0.318177752792299
-0.2805392218422367,0.8106291170744971,0.1346143070478073,-0.9424027073179027,-0.33446996259848755,-0.0026422261927672333,0.10410027005983968,-0.3008018253265122,0.94798807780146,-0.3178683233877764,0.8931114745649643,0.318294867987279
-0.2823844948110199,0.8099727963106917,0.1346094354086932,-0.9419461943119659,-0.33575573964430744,-0.002334591422175236,0.10482040156475286,-0.30065982844643,0.9479537704837547,-0.31898283721386683,0.8926767336804895,0.3183994326447902
-0.284240333070917,0.8093098156478831,0.13460512949291517,-0.9414721993414784,-0.3370844801484666,-0.002037427337978988,0.1055407711622899,-0.30050338433630175,0.947923447133205,-0.32014253620784083,0.8922285409274168,0.31849173814236437
-0.28610660220503253,0.8086400879698609,0.1346013754301348,-0.9409799736460109,-0.3384577105434429,-0.0017513911167317503,0.10626135682611004,-0.30033278599451535,0.947897010071372,-0.32134905203318553,0.8917659983596951,0.3185721126007572
-0.2879831602324351,0.8079635239860732,0.13459815759995813,-0.9404687774475371,-0.33987688473448063,-0.001477115269549976,0.1069821479164678,-0.300148359940296,0.9478743492954799,-0.3226039346838689,0.8912882054915432,0.318640920281986
-0.28986985757011025,0.8072800323782778,0.1345954586500993,-0.9399378789293454,-0.341343385791007,-0.0012152080212334984,0.1077031455187743,-0.29995046580726153,0.9478553426063329,-0.3239086540973623,0.8907942585348981,0.31869856096646654
-0.29176653700030647,0.8065895199507658,0.1345932595164571,-0.9393865532227782,-0.34285852764359087,-0.0009662537438234208,0.10842436277788883,-0.2997394959103674,0.9478398557496975,-0.32526460179435,0.890283249653428,0.31874546931069464
-0.2936730336433875,0.805891891784031,0.13459153944501598,-0.9388140814053594,-0.34442355678252007,-0.0007308134437459642,0.10914582522744531,-0.29951587478640124,0.9478277425705351,-0.32667309254119975,0.8897542662354674,0.3187821141867179
-0.29558917493630293,0.8051870513917592,0.13459027601547657,-0.9382197495134609,-0.34603965395422653,-0.000509425301566067,0.10986757111349081,-0.29928005870820534,0.9478188451794126,-0.3281353660313387,0.8892063901878194,0.31880899800449003
-0.29751478061679687,0.8044749008809936,0.1345894451665132,-0.937602847572265,-0.3477079358519655,-0.00030260526326537907,0.11058965171169964,-0.2990325351728454,0.9478129941303749,-0.32965258858177465,0.8886386972519633,0.3188266560180762
-0.299449662713455,0.8037553411153415,0.13458902122255048,-0.9369626686454084,-0.34942945679731424,-0.00011084768186693824,0.11131213163740716,-0.2987738223639676,0.9478100086095109,-0.3312258548410907,0.888050256343839,0.31883565561654253
-0.3013936255417071,0.8030282718810737,0.13458897692194552,-0.9362985079063423,-0.35120521040923947,6.537399185433781e-05,0.11203508914768277,-0.29850446858855606,0.9478096966334194,-0.33285618950535956,0.887440128918039,0.3188365956001705
-0.30334646570588486,0.8022935920559671,0.13458928344645524,-0.9356096617331113,-0.35303613125765637,0.00022560647090487753,0.11275861643466384,-0.29822505168838764,0.947811855256727,-0.33454454903852987,0.8868073683568971,0.3188301054425718
-0.3053079721074421,0.8015511997807336,0.13458991045186533,-0.9348954268279359,-0.3549230964985846,0.0003694158472347301,0.11348281990933021,-0.29793617842646236,0.947816270787784,-0.33629182339396596,0.8861510193846711,0.3188168445391023
-0.30727792595943687,0.8008009926328764,0.13459082609965176,-0.934155099362696,-0.35686692748817994,0.0004963867619622418,0.11420782047491217,-0.29763848384872316,0.9478227190116322,-0.3380988377339407,0.8854701175067285,0.31879750144186975
-0.309256100807372,0.8000428678028034,0.13459199708954148,-0.9333879741511435,-0.35886839137309473,0.0006061215321317321,0.11493375378910564,-0.29733263062141574,0.9478309654193062,-0.3399663541440088,0.884763688473389,0.3187727930815211
-0.3112422625564857,0.7992767222720354,0.1345933886928371,-0.932593343848406,-0.36092820265479214,0.0006982392354987411,0.11566077051424103,-0.2970193083444236,0.9478407654425147,-0.3418950733393225,0.8840307477678486,0.3187434639758402
-0.31323616950558897,0.7985024529933231,0.13459496478636515,-0.931770498178131,-0.36304702472560746,0.000772374754862962,0.11638903655458449,-0.29669923284100985,0.9478518646927124,-0.34388563636007474,0.8832703001173766,0.3187102854251589
-0.31523757238752603,0.7977199570724993,0.13459668788690698,-0.9309187231873843,-0.36522547137450456,0.0008281777834743182,0.1171187332799014,-0.2963731454243534,0.9478639992035706,-0.3459386262533882,0.8824813390268068,0.3186740546944049
-0.3172462144163469,0.7969291319518778,0.13459851918596838,-0.9300373005292424,-0.3674641082606304,0.000865311793048448,0.11785005773445331,-0.2960418121413437,0.9478768956758338,-0.3480545697390936,0.8816628463331599,0.3186355941815751
-0.3192618313412633,0.7961298755950094,0.13460041858474325,-0.9291255067728251,-0.36976345435291164,0.0008834529659256097,0.11858322283054695,-0.29570602299410065,0.9478902717235436,-0.35023393885696136,0.8808137917800871,0.3185957505722946
-0.321284151507461,0.7953220866725994,0.1346023447291256,-0.9281826127403682,-0.3721239833340769,0.0008822890929013124,0.11931845752580685,-0.2953665911397353,0.9479038361206028,-0.35247715259308077,0.8799331326106957,0.31855539398007665
-0.32331289592383583,0.7945056647493847,0.1346042550446239,-0.9272078828707868,-0.37454612496761175,0.0008615184382495328,0.12005600698333199,-0.2950243520688981,0.9479172890466472,-0.3547845784831853,0.8790198131771962,0.3185154170718202
-0.32534777833771034,0.793680510471771,0.1346061057710324,-0.9262005746090639,-0.37703026642626375,0.0008208485734459154,0.12079613271385836,-0.29468016276365877,0.947930322331214,-0.35715653419084437,0.8780727645657417,0.31847673417796163
-0.32738850531658703,0.792846525756018,0.13460785199671535,-0.9251599378206807,-0.37957675358082565,0.0007599951810823635,0.12153911269914573,-0.29433490083533453,0.9479426196951786,-0.35959328905854,0.8770909042347291,0.3184402803867102
-0.32943477633698465,0.792003613976759,0.13460944769236044,-0.9240852142302236,-0.38218589224801564,0.000678680830448005,0.12228524149572222,-0.29398946364291195,0.9479538569884537,-0.3620950656297519,0.8760731356647921,0.3184070106216955
-0.33148628388040124,0.7911516801556416,0.13461084574406107,-0.9229756368832163,-0.38485794939635476,0.0005766337262326704,0.12303483031822611,-0.293644767392693,0.9479637024229653,-0.36466204114026834,0.875018348018671,0.3183778987022957
-0.3335427135364309,0.7902906311498672,0.13461199798558954,-0.9218304296301686,-0.3875931543090094,0.0004535864317873777,0.12378820710150443,-0.29330174621989896,0.9479718167999263,-0.367294348977021,0.8739254158091242,0.3183539363858972
-0.33560374411307275,0.7894203758404051,0.1346128552297258,-0.9206488066317848,-0.39039169970263415,0.0003092745683593023,0.12454571654074162,-0.29296135125292116,0.9479778537304634,-0.3699920801028361,0.872793198573036,0.3183361323912597
-0.3376690477542359,0.7885408253196566,0.13461336729851098,-0.9194299718842347,-0.39325374280127967,0.00014343549169666916,0.12530772010883698,-0.29262454966101503,0.947981459848669,-0.372755284445547,0.8716205405498848,0.31832551140215926
-0.339738290064465,0.7876518930783368,0.13461348305229925,-0.9181731187633718,-0.39617940636448695,-4.419305259978388e-05,0.1260745960503146,-0.29229232368619434,0.9479822750161918,-0.37558397225000584,0.8704062703627586,0.3183231130504022
-0.3418111302408833,0.7867534951913436,0.13461315041748612,-0.9168774295867727,-0.3991687796686955,-0.00025387429361793125,0.1268467393510648,-0.29196566966015797,0.9479799325175078,-0.37847811539157156,0.8691492007001443,0.31832999087730407
-0.34388722121234616,0.7858455505023803,0.13461231641279706,-0.9155420751924747,-0.4022219194411089,-0.0004858738182256316,0.12762456168323427,-0.29164559700709486,0.94797405924505,-0.3814376486497101,0.8678481279967626,0.31834721127268456
-0.3459662097857986,0.7849279808070904,0.13461092717402615,-0.9141662145332946,-0.40533885074517095,-0.0007404609713815931,0.1284084913246375,-0.2913331272332521,0.9479642758734235,-0.38446247094039854,0.8665018321117837,0.31837585239041866
-0.3480477367998055,0.7840007110344775,0.13460892797712154,-0.9127489942856527,-0.4085195678167778,-0.0010179102723463461,0.12919897305205066,-0.2910292929041334,0.9479501970219826,-0.3875524465060506,0.8651090760028548,0.31841700303950765
-0.350131437285228,0.78306366942636,0.1346062632595204,-0.9112895484718387,-0.41176403485034835,-0.0013185028454835714,0.1299964680078402,-0.2907351366103096,0.9479314314050732,-0.3907074060617219,0.8636686053944218,0.31847176154970985
-0.35221694063300657,0.7821167877146286,0.13460287663964496,-0.9097869980947237,-0.4150721867338328,-0.001642527864342921,0.13080145353936806,-0.2904517099227433,0.9479075819693306,-0.3939271478963841,0.8621791484389707,0.31854123461064143
-0.35430387076899794,0.7811600012960652,0.1345987109344778,-0.9082404507839643,-0.4184439297317023,-0.0019902840077194277,0.1316144230106779,-0.2901800723386255,0.9478782460174494,-0.39721143892806937,0.8606394153698984,0.3186265360833153
-0.3563918463358039,0.7801932494044861,0.13459370817514418,-0.9066490004528149,-0.42187914211490607,-0.0023620809263780206,0.13243588558600908,-0.2899212902187228,0.9478430153179168,-0.40056001571170496,0.8590480981448605,0.31872878578304886
-0.3584804808815323,0.7792164752799657,0.1345878096204364,-0.9050117269647392,-0.42537767473674,-0.0027582407191246144,0.13326636598469876,-0.28967643571724483,0.9478014762002565,-0.4039725853984809,0.8574038700785745,0.3188491082326405
-0.36056938305539943,0.7782296263349129,0.1345809557682271,-0.9033276958091015,-0.42893935155347634,-0.0031790994168890588,0.13410640420712946,-0.28944658570525106,0.9477532096354022,-0.4074488266455715,0.8557053854642124,0.3189886313847106
-0.3626581568100947,0.777232654316754,0.13457308636472384,-0.901595957785301,-0.4325639700885559,-0.003625008473469447,0.1349565552313893,-0.28923282068867123,0.9476977913008724,-0.410988390475063,0.8539512791826603,0.31914848531211204
-0.3647464016108052,0.7762255154669995,0.13456414041153178,-0.8998155486948267,-0.4362513018390432,-0.004096336261556626,0.13581738868032783,-0.28903622372198523,0.9476347916305052,-0.4145909010809142,0.8521401662991099,0.31932980086525126
-0.36683371265079057,0.7752081706764586,0.1345540561704976,-0.897985489040823,-0.44000109262296105,-0.004593469572630127,0.13668948845884707,-0.28885787931861956,0.9475637758485751,-0.41825595658277603,0.8502706416466173,0.3195337082951919
-0.36891968107339607,0.7741805856363719,0.13454277116632035,-0.8961047837348617,-0.4438130628660357,-0.005116815119275626,0.13757345236119228,-0.2886988723591993,0.9474843039881712,-0.42198312972548985,0.8483412793964435,0.31976133584141414
-0.3710038942003656,0.7731427309852501,0.13453022218692545,-0.8941724218107792,-0.44768690782625864,-0.005666801038426501,0.13846989164813975,-0.2885602869986521,0.9473959308938413,-0.42577196852305615,0.846350632615241,0.320013808282991
-0.3730859357663288,0.772094582451186,0.13451634528160794,-0.8921873761455363,-0.4516222977545999,-0.006243878393981253,0.1393794305940206,-0.28844320557335534,0.9472982062085064,-0.4296219968458665,0.8442972328092889,0.3202922454520988
-0.3751653861593046,0.7710361209894356,0.13450107575696274,-0.8901486031872483,-0.45561887799007067,-0.006848522677181585,0.1403027060035289,-0.2883487075093547,0.9471906743448077,-0.4335327149499536,0.8421795894562834,0.3205977607085992
-0.3772418226670695,0.7699673329150553,0.13448434817063182,-0.8880550426906615,-0.459676268987238,-0.007481235303068122,0.1412403666983972,-0.28827786823277546,0.947072874441069,-0.4375035999470058,0.8399961895253687,0.3209314593745388
-0.37931481972922015,0.7688882100303932,0.1344660963229071,-0.8859056174605425,-0.46379406627417,-0.00814254510124665,0.1421930729739831,-0.2882317580835204,0.9469443403021629,-0.44153410621385825,0.8377454969863782,0.3212944371273423
-0.3813839491947584,0.7677987497472362,0.13444625324624213,-0.8836992331036071,-0.46797184033869577,-0.008833009799109516,0.14316149602596834,-0.28821144123333375,0.9468046003256487,-0.44562366574016654,0.8354259523094902,0.3216877783504956
-0.3834487805850045,0.7666989552034265,0.1344247511927342,-0.8814347777898255,-0.4722091364407129,-0.00955321749555237,0.14414631734733305,-0.2882179746093165,0.9466531774136214,-0.44977168841291354,0.8330359719568057,0.32211255444048953
-0.3855088813616533,0.7655888353737592,0.13440152161965271,-0.8791111220241176,-0.47650547434820817,-0.010303788123116355,0.145148228095911,-0.28825240682397263,0.9464895888707938,-0.4539775622364107,0.8305739478676033,0.32256982206881896
-0.3875638171997613,0.7644684051749924,0.13437649517309838,-0.87672711842968,-0.4808603479945057,-0.01108537489635962,0.1461679284328094,-0.2883157771128232,0.9463133462894255,-0.4582406534864092,0.8280382469393738,0.3230606213977761
-0.3896131522654548,0.7633376855647948,0.13434960166989057,-0.8742816015443983,-0.48527322505416676,-0.011898665744124678,0.14720612683211043,-0.28840911428067456,0.9461239554217646,-0.46256030679690924,0.8254272105069987,0.3235859742488605
-0.39165644949813644,0.7621967036344807,0.1343207700777912,-0.8717733876320324,-0.48974354643486295,-0.012744384723220523,0.14826353936229597,-0.2885334356575178,0.9459209160407828,-0.46693584517825926,0.8227391538228092,0.3241468822225392
-0.3936932708969601,0.7610454926953775,0.13428992849418417,-0.8692012745101123,-0.49427072568243213,-0.013623293410870284,0.14934088893984562,-0.28868974606511977,0.9457037217900295,-0.4713665699650894,0.8199723655405824,0.32474432476815973
-0.3957231778113377,0.7598840923586825,0.13425700412333952,-0.8665640413967209,-0.4988541482962544,-0.014536192273102362,0.15043890455564987,-0.2888790367952743,0.9454718600235178,-0.47585176069263224,0.8171251072068788,0.3253792572028352
-0.39774573123522605,0.7587125486086874,0.1342219232524037,-0.8638604487786394,-0.5034931709519781,-0.015483922006063576,0.1515583204747797,-0.28910228460067827,0.9452248116366457,-0.48039067489995263,0.8141956127635362,0.32605260867807484
-0.3997604921049456,0.7575309138692403,0.1341846112262654,-0.8610892383035754,-0.5081871206285763,-0.016467364847029455,0.1526998754103251,-0.2893604506994025,0.9449620508891929,-0.4849825478586211,0.8111820880654819,0.3267652800930433
-0.4017670216002687,0.7563392470633372,0.13414499242145875,-0.8582491326995199,-0.5129352936366413,-0.01748744585165576,0.15386431167204154,-0.2896544797938494,0.9446830452215408,-0.4896265922253518,0.8080827104184614,0.3275181419533001
-0.40376488144850553,0.7551376136657447,0.13410299021927238,-0.855338835724568,-0.5177369545447774,-0.01854513413377763,0.15505237429056984,-0.2899852991051222,0.9443872550652987,-0.4943219976171378,0.8048956281416939,0.32831203217395244
-0.4057536342313135,0.7539260857485626,0.13405852697824538,-0.8523570321508711,-0.5225913350009238,-0.01964144406379698,0.15626481011809729,-0.2903538174236443,0.9440741336496155,-0.4990679301074295,0.8016189601609166,0.32914775382617567
-0.4077328436939558,0.7527047420196431,0.13401152400623623,-0.849302387786712,-0.5274976324454389,-0.020777436421425093,0.15750236690634953,-0.29076092417689026,0.9437431268044807,-0.5038635316419393,0.7982507956377225,0.33002607282615626
-0.40970207505671,0.7514736678538061,0.1339619015322629,-0.8461735495410581,-0.5324550087127639,-0.021954219498245216,0.15876579236289015,-0.29120748851502015,0.9433936727624147,-0.5087079193726695,0.7947891936416002,0.33094771556556307
-0.41166089532814076,0.7502329553167877,0.1339095786783167,-0.8429691455353072,-0.5374625885185311,-0.023172950145244908,0.1600558331867204,-0.2916943584151907,0.9430252019599767,-0.5136001849088242,0.7912321828715707,0.331913366482748
-0.4136088736199365,0.7489827031818768,0.13385447343136198,-0.8396877852673095,-0.5425194578290495,-0.0244348347601317,0.16137323408426316,-0.29222235980531075,0.9426371368405772,-0.5185393934833361,0.787577761434825,0.33292366557402303
-0.4155455814630061,0.7477230169392062,0.13379650261573942,-0.8363280598331599,-0.5476246621101643,-0.02574113020888547,0.1627187367668376,-0.2927922957079209,0.942228891660137,-0.5235245830337931,0.7838238966903304,0.33397920584443447
-0.4174705931245267,0.746454008797673,0.13373558186619708,-0.8328885422126496,-0.5527772044526373,-0.02709314467562869,0.16409307893080918,-0.2934049454049056,0.9417998722971624,-0.5285547631966764,0.7799685251659015,0.3350805306976726
-0.419383485925627,0.7451757976794796,0.13367162560177878,-0.8293677876246954,-0.5579760435713261,-0.028492238434491224,0.16549699322163106,-0.29406106362365136,0.9413494760688648,-0.5336289142139111,0.7760095525578384,0.3362281312648688
-0.42128384055939677,0.743888509207286,0.13360454700080424,-0.8257643339594877,-0.5632200916756727,-0.029939824536737235,0.16693120618305268,-0.294761379745298,0.9408770915549594,-0.5387459857509054,0.7719448538227944,0.3374224436723052
-0.4231712414088943,0.7425922756839907,0.13353425797717905,-0.8220767022945673,-0.5685082122092184,-0.031437369405975114,0.1683964371928112,-0.2955065970356332,0.9403820984308386,-0.5439048956253811,0.7677722733721885,0.3386638462482299
-0.4250452768648293,0.7412872360651573,0.13346066915827723,-0.818303397502476,-0.5738392174561886,-0.03298639333382286,0.16989339738618106,-0.29629739189919785,0.9398638673118114,-0.5491045284465298,0.7634896253800717,0.3399526566692957
-0.4269055396426019,0.7399735359241176,0.13338368986463986,-0.8144429089581157,-0.579211866013518,-0.03458847086791928,0.17142278856878626,-0.29713441315709627,0.9393217596101398,-0.5543437341642309,0.7590946942160293,0.3412891290473956
-0.42875162709835435,0.7386513274097932,0.13330322809173706,-0.8104937113544192,-0.5846248601270987,-0.03624523108368449,0.17298530212016247,-0.2980182813490082,0.9387551274065987,-0.5596213265283368,0.7545852350153387,0.34267345095806706
-0.43058314154372046,0.7373207691972881,0.13321919049404077,-0.8064542656354224,-0.5900768428915151,-0.03795835773072091,0.17458161788952278,-0.2989495880598441,0.9381633133383155,-0.5649360814583437,0.7499589743992876,0.34410574041195613
-0.4323996905589247,0.7359820264313118,0.13313148237165567,-0.8023230200563289,-0.5955663953130472,-0.0397295892442259,0.17621240308532324,-0.29992889527147837,0.9375456505046174,-0.5702867353240713,0.7452136113592223,0.3455860427713466
-0.4342008873039074,0.7346352706625094,0.13304000765975685,-0.7980984113806312,-0.6010920332363665,-0.04156071861125376,0.1778783111601871,-0.300956734739906,0.9369014623926539,-0.5756719831384124,0.7403468183185937,0.3471143276141489
-0.4359863508271319,0.7332806797767732,0.13294466892107903,-0.7937788662248704,-0.606652204136027,-0.04345359308112099,0.1795799806928052,-0.30203360739825724,0.9362300628244999,-0.5810904766636009,0.73535624238793,0.3486904855483917
-0.43775570637174166,0.7319184379176314,0.13284536734170216,-0.7893628025620756,-0.6122452837746553,-0.045410113708704604,0.18131803426850382,-0.3031599827859273,0.9355307559274797,-0.5865408224329756,0.730239506828361,0.35031432498075304
-0.43950858567872797,0.7305487354018099,0.1327420027303743,-0.7848486313954259,-0.6178695727306085,-0.04743223471882867,0.18309307736013902,-0.30433629850418903,0.9348028361293965,-0.5920215796907414,0.7249942127399808,0.35198556884340393
-0.4412446272867728,0.7291717686280739,0.13263447352160831,-0.7802347586141165,-0.6235232927988752,-0.049521962679398075,0.1849056972110914,-0.30556295969852443,0.9340455881803406,-0.5975312582528647,0.7196179409919725,0.35370385128412457
-0.4429634768284276,0.7277877399794677,0.1325226767827851,-0.775519587043874,-0.6292045832700539,-0.05168135547039329,0.18675646172208668,-0.30684033856797027,0.9332582872027124,-0.6030683162928939,0.7141082544120686,0.35546871432547006
-0.444664787322291,0.7263968577190703,0.1324065082254895,-0.770701518704962,-0.6349114970934773,-0.05391252103532788,0.18864591834366767,-0.3081687739016953,0.9324401987710524,-0.6086311580572749,0.7084627002534751,0.35727960449963453
-0.4463482194608551,0.7249993358794014,0.1322858622212999,-0.7657789572909023,-0.640641996931856,-0.05621761590126451,0.1905745929761092,-0.30954857064302094,0.9315905790232386,-0.6142181315155465,0.702678812957973,0.3591358694665921
-0.4480134418936775,0.7235953941456108,0.13216063182224286,-0.7607503108814757,-0.6463939511162722,-0.05859884345302649,0.19254298887865956,-0.3109799994811122,0.9307086748045276,-0.6198275259517042,0.6967541172343523,0.3610367546241905
-0.449660131505557,0.7221852577325922,0.1320307087861184,-0.7556139949038289,-0.6521651295119477,-0.06105845194680896,0.19455158558996594,-0.3124632964704764,0.9297937238459041,-0.6254575695040444,0.6906861314717907,0.3629813997199111
-0.451287973689369,0.7207691572561788,0.1318959836068901,-0.7503684353557607,-0.6579531993069054,-0.06359873224801807,0.19660083786156127,-0.3139986626784653,0.9288449549780993,-0.6311064266618426,0.684472371508115,0.36496883547527376
-0.4528966626132488,0.7193473285985582,0.13175634555032611,-0.7450120723053544,-0.6637557207375472,-0.06622201527785669,0.19869117460636618,-0.31558626386093147,0.9278615883825782,-0.6367721957284439,0.6781103547730843,0.3669979802351754
-0.45448590148177925,0.7179200127680825,0.13161168269506474,-0.739543363681219,-0.6695701427671326,-0.06893066915292555,0.20082299786411092,-0.3172262301661442,0.9268428358807375,-0.6424529062615718,0.6715976048270109,0.36906763665577924
-0.4560554027908776,0.7164874557536204,0.13146188197926714,-0.7339607893675005,-0.675393798735345,-0.07172709600196892,0.20299668178563052,-0.3189186558671381,0.9257879012624444,-0.648146516503066,0.6649316563149464,0.371176488446134
-0.457604888576046,0.7150499083736306,0.1313068292530076,-0.7282628556176942,-0.6812239019993878,-0.07461372844383171,0.2052125716380073,-0.32066359912256104,0.9246959806549832,-0.6538509108116906,0.6581100603565436,0.3733230971802161
-0.459134090653685,0.7136076261201149,0.13114640933653723,-0.7224480998009223,-0.6870575415895545,-0.07759302571078242,0.20747098283251642,-0.32246108176618077,0.9235662629333611,-0.6595638971142571,0.651130390391281,0.3755058991978045
-0.4606427508551457,0.7121608689976338,0.13098050608454434,-0.7165150954939321,-0.6928916779047588,-0.08066746940154661,0.2097721999773501,-0.32431108912510137,0.9223979301728475,-0.6652832043919222,0.6439902484982352,0.3777232026142918
-0.46213062125322635,0.7107099013575509,0.13080900245651822,-0.7104624579313714,-0.6987231384762895,-0.08383955884878153,0.2121164759571102,-0.32621356986682587,0.9211901581444942,-0.6710064802203113,0.6366872722087238,0.3799731844614347
-0.46359746438080107,0.709254991727689,0.13063178059330885,-0.7042888498261058,-0.7045486138308789,-0.0871118060862471,0.21450403104104337,-0.3281684358752299,0.919942116854288,-0.676731288383923,0.6292191418291339,0.3822538879829008
-0.4650430534412887,0.7077964126375745,0.13044872189995732,-0.6979929875702627,-0.7103646534871738,-0.09048673040168048,0.2169350520219974,-0.33017556215556,0.9186529711264605,-0.6824551065872043,0.6215835882898675,0.3845632201104785
-0.46646717251067416,0.7063344404394482,0.13025970713485596,-0.6915736478264026,-0.7161676621227775,-0.09396685246233324,0.21940969138807606,-0.3322347867685017,0.9173218812313797,-0.6881753242866759,0.6137784015346941,0.38689894914879835
-0.46786961673079036,0.7048693551252284,0.13006461650527854,-0.6850296745166892,-0.7219538959521734,-0.09755468800133237,0.2219280665289294,-0.33434591079344256,0.9159480035582994,-0.6938892406705051,0.6058014394627844,0.3892587026985117
-0.46925019249359184,0.7034014401395993,0.12986332976930312,-0.6783599862160596,-0.7277194593590985,-0.10125274105449591,0.22449025897865707,-0.3365086983210041,0.9145304913331205,-0.6995940628140314,0.5976506374332792,0.39163996584995286
-0.4706087176161393,0.701930982189414,0.1296557263441312,-0.6715635839533085,-0.7334603018301443,-0.10506349673897702,0.22709631369724123,-0.3387228764748936,0.9130684953812053,-0.7052869040418316,0.5893240183394934,0.3940400796813451
-0.4719450215060419,0.7004582710495881,0.12944168542078735,-0.6646395594214953,-0.7391722152396433,-0.10898941356718565,0.2297462383923952,-0.34098813546319684,0.9115611649351223,-0.7109647825290261,0.5808197032565707,0.39645624009769825
-0.4732589453170934,0.6989835993656647,0.12922108608516347,-0.6575871035963164,-0.7448508315390676,-0.11303291529181629,0.23244000288375047,-0.34330412865918325,0.910007648487067,-0.7166246201765676,0.5721359226627167,0.3988854970485543
-0.4745503420948615,0.6975072624532312,0.12899380744535235,-0.6504055157578805,-0.7504916209073034,-0.11719638228057215,0.23517753851118406,-0.34567047271169055,0.9084070946855803,-0.7222632417973007,0.563271028229932,0.40132475416456576
-0.4758190769119885,0.6960295580943678,0.12875972876519381,-0.6430942129078097,-0.7560898904210923,-0.12148214242227331,0.23795873758914024,-0.34808674768519104,0.906758653276013,-0.7278773746514362,0.5542235051754547,0.4037707688547617
-0.477065026992977,0.6945507863313007,0.12851872960393593,-0.6356527395696108,-0.761640783307726,-0.12589246156955625,0.24078345290869554,-0.3505524972296104,0.9050614760840557,-0.7334636483718977,0.5449919851598529,0.4062201529078881
-0.47828808182824517,0.6930712492574385,0.12827068996189328,-0.6280807779559521,-0.7671392788445323,-0.1304295335272534,0.24365149728909485,-0.35306722877999364,0.9033147180415017,-0.7390185953215442,0.5355752597119345,0.40866937364263733
-0.4794881432772342,0.691591250805967,0.12801549043196192,-0.6203781584817143,-0.7725801929718564,-0.13509546959985755,0.24656264318046373,-0.3556304137860793,0.9015175382532529,-0.7445386514256331,0.5259722941542747,0.4111147556527117
-0.4806651256603843,0.6901110965361694,0.12775301235682973,-0.6125448705965336,-0.7779581796879633,-0.13989228771618,0.24951662231929245,-0.35824148797188454,0.8996691011044348,-0.7500201575239477,0.5161822419962558,0.41355248319345345
-0.4818189558397846,0.6886310934176482,0.12748313799169986,-0.6045810739050409,-0.7832677332954855,-0.14482190115441657,0.25251312543826504,-0.3608998516253515,0.8977685774063371,-0.7554593612877046,0.506204459754111,0.4159786032572134
-0.482949573288328,0.6871515496126124,0.12720575067232162,-0.5964871095370489,-0.788503191569691,-0.14988610689636267,0.2555518020319261,-0.3636048699181618,0.8958151455797294,-0.7608524197466757,0.49603852214944816,0.4183890293846386
-0.4840569301472121,0.685672774256399,0.1269207349881048,-0.5882635117237235,-0.7936587399187479,-0.15508657364536044,0.2586322601796291,-0.36635587325572966,0.8938079928739775,-0.7661954024717514,0.4856842376293648,0.4207795462585292
-0.48514099127163735,0.68419507723639,0.126627976960068,-0.5799110195291739,-0.7987284166053364,-0.1604248295488143,0.26175406642709453,-0.36915215765750387,0.8917463166201974,-0.7714842954574735,0.47514166414232867,0.4231458151258788
-0.4862017342645701,0.6827187689694902,0.12632736422335455,-0.5714305886801094,-0.8037061190971951,-0.16590224967259792,0.26491674572785395,-0.3719929851675644,0.8896293255165816,-0.7767150057477114,0.4644111250948343,0.4254833800919645
-0.487239149498456,0.6812441601783247,0.12601878621402585,-0.5628234034291555,-0.8085856116115002,-0.17152004328147283,0.26811978144576626,-0.3748775842955889,0.8874562409438441,-0.7818833668456543,0.45349322540426207,0.42778767532801004
-0.48825324012477567,0.6797715616663115,0.1257021343598229,-0.554090888380323,-0.8133605339141605,-0.17727924098657502,0.27136261541968887,-0.3778051504882096,0.8852262983086117,-0.786985144946517,0.44238886755370926,0.4300540332307749
-0.48924402207135975,0.6783012840917699,0.1253773022745665,-0.5452347201979213,-0.8180244114301737,-0.1831806818281125,0.27464464809127703,-0.38077484663077726,0.8829387484124402,-0.7920160460278016,0.43109926754475764,0.4322776935684524
-0.4902115240273893,0.6768336377412164,0.12504418595584738,-0.5362568391131374,-0.8225706667149828,-0.18922500036849105,0.277965238696839,-0.3837858035795076,0.8805928588439955,-0.7969717238275121,0.4196259706344451,0.43445381364249036
-0.49115578741603094,0.6753689323020015,0.12470268398563782,-0.5271594601355819,-0.8269926323292653,-0.19541261387810718,0.281323705523953,-0.38683712072401905,0.8781879153918157,-0.8018477887353894,0.40797086673323113,0.4365774794891539
-0.4920768663546661,0.6739074766344373,0.12435269773343893,-0.5179450838705133,-0.8312835651507219,-0.20174370970286173,0.28471932623359625,-0.3899278665801906,0.8757232234749219,-0.8066398176159256,0.3961362053316097,0.4386437181381025
-0.49297482760269784,0.6724495785435718,0.12399413156156074,-0.5086165068363572,-0.8354366621461329,-0.2082182329089117,0.2881513382482261,-0.39305707941328827,0.8731981095884557,-0.8113433645746653,0.38412460981460717,0.44064751093752663
-0.4938497504969338,0.6709955445507507,0.12362689303211355,-0.4991768311715923,-0.839445077615302,-0.21483587430624204,0.2916189392063151,-0.39622376789125774,0.8706119227613635,-0.8159539726710519,0.37193909101557693,0.4425838079469637
-0.49470172687456415,0.6695456796651211,0.12325089311527625,-0.4896294736154042,-0.843301941905379,-0.22159605895800352,0.2951212874835775,-0.3994269117680664,0.867964036023072,-0.8204671865718568,0.3595830598541058,0.44444754338934145
-0.49553086098377197,0.6681002871552238,0.12286604639839001,-0.4799781736427061,-0.8470003815796556,-0.22849793528723633,0.2986575027810456,-0.40266546259691777,0.865253847875986,-0.8248785661291012,0.3470603388973287,0.44623365214343663
-0.49633726938203204,0.6666596683208191,0.12247227129541326,-0.4702270006315377,-0.8505335410091692,-0.2355403648962777,0.30222666678003113,-0.40593834447318317,0.8624807837705158,-0.8291837008553049,0.3343751726799932,0.44793708724677506
-0.49712108082217754,0.6652241222650956,0.12206949025626156,-0.46038035993948323,-0.8538946053386091,-0.24272191321677747,0.30582782386379687,-0.40924445480679916,0.8596442975793072,-0.8333782252571316,0.3215322366163413,0.4495528383669342
-0.4978824361263303,0.6637939456674083,0.12165762997554348,-0.4504429977659641,-0.8570768247600838,-0.25004084110957614,0.30945998190572205,-0.4125826651238638,0.8567438730672077,-0.8374578349759002,0.30853664433655476,0.4510759511867334
-0.49862148804781614,0.6623694325566947,0.12123662160019508,-0.44042000467900594,-0.8600735400096219,-0.25749509753364563,0.3131221131234727,-0.41595182189713054,0.8537790253534862,-0.8414183036704369,0.29539395328234974,0.45250154763557376
-0.4993384011211984,0.6609508740857164,0.12080640093550439,-0.43031681768871116,-0.8628782089819405,-0.26508231340166594,0.31681315499865337,-0.41935074740504136,0.8507493023627067,-0.845255500564214,0.2821101684004876,0.453824846885876
-0.5000333515005999,0.6595385583062761,0.12036690864901335,-0.42013922075515153,-0.8654844343393999,-0.2727997967364765,0.3205320112611587,-0.4227782406188995,0.8476542862606572,-0.8489654085651138,0.26869174377973865,0.4550411870198926
-0.5007065267864855,0.6581327699455601,0.11991809047177487,-0.40989334362591495,-0.8678859919714063,-0.28064452923756716,0.32427755293736515,-0.42623307811771916,0.8444935948716538,-0.8525441428525106,0.25514558208619387,0.4561460472587431
-0.5013581258411164,0.6567337901837588,0.1194598973964405,-0.3995856589081827,-0.8700768601411967,-0.28861316435975287,0.32804861946109204,-0.4297140150302622,0.8412668830735244,-0.855987969813002,0.2414790316640532,0.4571350706323094
-0.5019883585928939,0.6553418964331197,0.11899228587165141,-0.3892229772918993,-0.8720512491383337,-0.29670202699729176,0.33184401984613365,-0.4332197860036855,0.8379738441665586,-0.8592933261933252,0.22769988118396867,0.4580040869560208
-0.5025974458298474,0.6539573621185877,0.11851521799220247,-0.3788124408544852,-0.8738036312376773,-0.3049071148558462,0.3356625339189555,-0.43674910619819185,0.8346142112126935,-0.8624568383269817,0.2138163517388899,0.4587491359687752
-0.5031856189825223,0.6525804564601907,0.11802866168444966,-0.3683615143934,-0.8753287707495851,-0.3132241015819525,0.3395029136100734,-0.4403006723070165,0.8311877583411945,-0.8654753412801961,0.19983708630784736,0.459366490475653
-0.5037531198965706,0.6512114442573311,0.11753259088643506,-0.3578779747507246,-0.8766217539319414,-0.3216483417050467,0.34336388430236703,-0.44387316360097373,0.827694302017148,-0.8683458977533725,0.18577113653135163,0.4598526793297388
-0.5043002005953404,0.6498505856751473,0.11702698572220373,-0.34736989811352514,-0.877678018522815,-0.3301748774308309,0.3472441462344816,-0.44746524299682827,0.8241337022690404,-0.8710658165663978,0.17162794676757537,0.4602045100798785
-0.504827123032802,0.6484981360331092,0.1165118326697952,-0.3368456452949753,-0.8784933826434117,-0.3387984473068727,0.35114237595731906,-0.45107555814857137,0.8205058638717969,-0.8736326705503065,0.15741733542622072,0.4604190911055365
-0.5053341588371594,0.6471543455960176,0.11598712472239621,-0.32631384502365546,-0.8790640728149439,-0.3475134967621847,0.3550572278414332,-0.4547027425606952,0.8168107374816632,-0.8760443136642315,0.14314947360638502,0.46049385305645557
-0.505821589045514,0.645819459367579,0.11545286154215317,-0.3157833752919405,-0.8793867508303522,-0.3563141905022382,0.35898733563298135,-0.4583454167224929,0.8130483207193883,-0.8782988971553833,0.12883486109559156,0.46042656941375254
-0.506289703829973,0.644493716886731,0.11490904960614991,-0.3052633428384524,-0.879458539222772,-0.36519442671985236,0.36293131405578977,-0.4620021892622831,0.8092186591982387,-0.8803948845812494,0.11448429981881787,0.4602153759905939
-0.5067388022156075,0.6431773520268952,0.11435570234407053,-0.2947630608638165,-0.8792770450774253,-0.374147853060933,0.36688776045686744,-0.4656716581204772,0.8053218474934538,-0.8823310655174383,0.10010886485840323,0.45985878919470924
-0.5071691917906869,0.6418705927983421,0.11379284026707992,-0.28429202510307183,-0.8788403819423657,-0.3831678842624877,0.3708552564926403,-0.4693524117402487,0.8013580300498586,-0.8841065677816067,0.0857198731975754,0.459355722881972
-0.5075811884096282,0.6405736611538477,0.11322049108746926,-0.27385988840140696,-0.8781471896062283,-0.3922477213591582,0.3748323698529545,-0.47304303027461314,0.7973274020244315,-0.8857208680138382,0.07132885037131996,0.45870550363988327
-0.5079751158891233,0.6392867727978362,0.11263868982863286,-0.263476433962193,-0.8771966515278043,-0.40138037233399165,0.3788176560198557,-0.47674208680850727,0.7932302100607945,-0.8871738004665087,0.05694749523795976,0.4579078843522288
-0.508351305697915,0.6380101369991933,0.11204747892495824,-0.25315154745686264,-0.8759885097227039,-0.41055867406984836,0.3828096600579478,-0.4804481485945519,0.789066752992664,-0.8884655638720694,0.04258764311233446,0.45696305591111214
-0.5087100966407065,0.6367439564079488,0.11144690831123405,-0.2428951882048162,-0.8745230769363481,-0.4197753154399732,0.3868069184330839,-0.4841597783010061,0.784837382473479,-0.8895967262750288,0.028261227526459213,0.4558716569599926
-0.5090518345367113,0.6354884268760244,0.11083703550120098,-0.23271735964758974,-0.8728012459597259,-0.4290228613603293,0.3908079608559551,-0.48787553527039984,0.7805425035295843,-0.8905682277345542,0.013980240905306947,0.4546347815708394
-0.5093768718933485,0.6342437372822449,0.1102179256548928,-0.22262807935484039,-0.8708244959742967,-0.4382937776125588,0.39481131214714676,-0.49159397678727557,0.7761825750344568,-0.8913813808260879,-0.00024330553652868176,0.4532539847800488
-0.509685567575612,0.6330100693618179,0.10958965163444179,-0.21263734880973992,-0.8685948958446703,-0.44758045623524645,0.39881549412002776,-0.4953136593533889,0.7717581101017036,-0.892037868894008,-0.014397422357485645,0.4517312859305814
-0.5099782864716432,0.6317875975404839,0.10895229404804566,-0.20275512322807665,-0.8661151043116325,-0.45687524127273255,0.4028190274778136,-0.4990331399687001,0.7672696763946875,-0.8925397420320262,-0.028470182581602242,0.45006916979190464
-0.5102553991550507,0.6305764887735457,0.10830594128182157,-0.1929912816684144,-0.8633883670731192,-0.4661704546652387,0.4068204337210913,-0.5027509774163623,0.7627178963508561,-0.8928894107933892,-0.042449762186682186,0.44827058545406306
-0.5105172815445163,0.6293769023899821,0.10765068951930022,-0.18335559768997647,-0.8604185107762241,-0.47545842206167344,0.41081823706197856,-0.5064657335499733,0.7581034473190156,-0.8930896376585273,-0.056324480053637105,0.4463389430171291
-0.5107643145612506,0.6281889899418607,0.10698664274834395,-0.17385771081056567,-0.8572099339785664,-0.48473149833714285,0.4148109663410331,-0.5101759745811918,0.7534270616080557,-0.8931435263130603,-0.07008283704725951,0.44427810812201785
-0.5109968837848469,0.6270128950592521,0.10631391275529908,-0.16450709900873378,-0.8537675951716813,-0.49398209260103204,0.41879715694307496,-0.5138802723658579,0.7486895264457684,-0.8930545088135036,-0.08371355390828698,0.4420923943927517
-0.5112153791080898,0.6258487533108645,0.10563261910622822,-0.15531305250286337,-0.8500969979919053,-0.503202692488219,0.4227753527079367,-0.5175772056866826,0.7438916838466774,-0.8928263307412716,-0.0972056076505678,0.43978655388308713
-0.5114201943912842,0.6246966920706043,0.10494288911509632,-0.14628464902490196,-0.8462041737748619,-0.5123858875356195,0.42674410783220323,-0.5212653615305527,0.7390344303880022,-0.892463034467063,-0.11054826617557234,0.43736576564177565
-0.5116117271166574,0.6235568303902701,0.10424485779881823,-0.13743073078865278,-0.842095661637593,-0.5215243914583876,0.43070198875800775,-0.5249433363584549,0.7341187168930859,-0.891968940667103,-0.12373112083869238,0.4348356225301777
-0.5117903780433881,0.6224292788785989,0.10353866781910921,-0.12875988333197394,-0.8377784862971204,-0.530611063154588,0.4346475760448986,-0.5286097373659926,0.7291455480218955,-0.8913486282497048,-0.13674411672742084,0.43220211644299833
-0.5119565508638204,0.6213141395868574,0.10282446941111047,-0.12028041638953624,-0.833260133855371,-0.5396389262835743,0.43857946622085847,-0.5322631837324807,0.7241159817683837,-0.8906069128648096,-0.14957758044002825,0.4294716220975727
-0.5121106518613968,0.6202115059011954,0.10210242029879811,-0.11200034692826082,-0.8285485257976368,-0.5486011872813548,0.4424962736085746,-0.5359023078565454,0.7190311288647758,-0.8897488241804395,-0.16222224518416536,0.426650879568921
-0.5122530895708595,0.6191214624419545,0.1013726855972155,-0.10392738445177246,-0.8236519914648679,-0.55749125169546,0.44639663212307856,-0.5395257565761823,0.7138921520930672,-0.888779582118191,-0.1746692730472534,0.4237469757567099
-0.5123842744412388,0.6180440849701352,0.10063543770160499,-0.0960689186536207,-0.8185792392689846,-0.5663027387418628,0.45027919703695823,-0.5431321923711967,0.7087002655042606,-0.8877045722448861,-0.1869102743239881,0.4207673249762337
-0.512504618502154,0.6169794403012108,0.09989085616354558,-0.08843200947206915,-0.8133393269250146,-0.5750294940069562,0.4541426467093955,-0.5467202945459801,0.7034567335460952,-0.8865293205193594,-0.1989373238201445,0.41771964886842705
-0.512614535033927,0.6159275862264827,0.09913912755424031,-0.0810233795725507,-0.8079416309743394,-0.5836656002379846,0.4579856842753495,-0.5502887603905553,0.6981628701002838,-0.8852594675921192,-0.21074297408537934,0.41461195582395716
-0.5127144382420026,0.6148885714421531,0.09838044531512628,-0.07384940925766456,-0.8023958158697445,-0.592205386185419,0.46180703929134526,-0.5538363063178579,0.6928200374304669,-0.8839007428513995,-0.22232026556056306,0.4114525201135909
-0.5128047429361546,0.6138624354862969,0.09761500959601635,-0.06691613377949306,-0.7967118028856747,-0.6006434334800166,0.46560546933434055,-0.5573616689752467,0.687429645042368,-0.8824589384022088,-0.2336627336564083,0.40824986091150217
-0.5128858642149356,0.6128492086838976,0.09684302708101172,-0.06022924300515588,-0.7908997391062668,-0.6089745815456218,0.4693797615503444,-0.5608636063282408,0.6819931484578289,-0.8809398831554669,-0.2447644128097867,0.4050127213902207
-0.5129582171558091,0.6118489121001117,0.09606471080245636,-0.05379408336445891,-0.7849699667298607,-0.6171939305656681,0.47312873414956286,-0.5643408987145326,0.676512047904622,-0.8793494171926254,-0.25561983759128576,0.4017500480557468
-0.5130222165113966,0.6108615575019106,0.09528027994323485,-0.04761566198818269,-0.7789329929120716,-0.6252968425367824,0.4768512378449195,-0.5677923498663744,0.6709878869241892,-0.8776933665575896,-0.26622404096223734,0.3984709704790826
-0.513078276412229,0.6098871473282464,0.09448995962774412,-0.04169865292751432,-0.772799460350654,-0.6332789404565484,0.48054615723103633,-0.5712167878994671,0.6654222508996069,-0.8759775186125012,-0.27657254980122853,0.3951847815667149
-0.5131268100763959,0.6089256746688719,0.09369398070190174,-0.03604740532910905,-0.766580118794696,-0.6411361057043573,0.48421241210085575,-0.5746130662665178,0.6598167655063498,-0.8742075980775448,-0.286661377838907,0.39190091849725167
-0.5131682295264391,0.6079771232519389,0.09289257950257358,-0.03066595342671117,-0.7602857976385806,-0.6488644736842187,0.4878489586972519,-0.5779800646737553,0.6541730950885464,-0.8723892438576015,-0.2964870161554937,0.3886289444351441
-0.5132029453138299,0.6070414674404834,0.09208599761683792,-0.025558028198831677,-0.7539273797381637,-0.6564604278063793,0.49145479089718636,-0.5813166899586855,0.6484929409636471,-0.8705279867406852,-0.3060464214079695,0.38537853111529846
-0.5132313662513398,0.6061186722378995,0.0912744816315226,-0.02072707053285431,-0.7475157765630182,-0.6639205918907124,0.49502894132609876,-0.5846218769274681,0.6427780396586105,-0.8686292280350046,-0.3153370019632824,0.3821594423746728
-0.513253899153583,0.6052086933024843,0.09045828287347715,-0.01617624572894444,-0.7410619047749056,-0.6712418210790398,0.4985704824004242,-0.5878945891504244,0.637030161080825,-0.866698219193466,-0.32435660212032363,0.37898151868901603
-0.513270948585991,0.6043114769711306,0.08963765714106305,-0.011908459172070823,-0.7345766642990914,-0.6784211913460302,0.5020785272963518,-0.5911338197141623,0.6312511066272046,-0.8647400424567336,-0.33310348460705685,0.3758546627548509
-0.513282916622452,0.6034269602922199,0.08881286442736729,-0.00792637299724935,-0.7280709179321146,-0.685455987699135,0.5055522308430949,-0.5943385919290013,0.6254427072349809,-0.8627595925289261,-0.3415763115401009,0.37278882613884967
-0.5132902026118067,0.6025550710677687,0.08798416863565872,-0.00423242357150249,-0.7215554725073167,-0.6923436911574009,0.5089907903391613,-0.5975079599904238,0.6196068213778783,-0.8607615592837702,-0.34977412403267427,0.36979399699906995
-0.5132932029533903,0.6016957279048486,0.08715183728763148,-0.0008288396157551609,-0.7150410616181909,-0.6990819645970147,0.5123934462903317,-0.6006410095933618,0.6137453330114894,-0.8587504114838074,-0.35769632063329526,0.36688018886524043
-0.5132923108817526,0.6008488402762996,0.0863161412249835,0.002282339209179923,-0.7085383298793688,-0.7056686375484522,0.5157594830682694,-0.6037368584982832,0.6078601494717151,-0.8567303814811786,-0.36534263477231693,0.3640574304484604
-0.5132879162606843,0.6000143085907339,0.08547735430490447,0.005099243426646253,-0.702057818686231,-0.7121016900260856,0.5190882294888488,-0.6067946570481088,0.6019531993303138,-0.8547054508557952,-0.37271311138649155,0.3613357564343622
-0.5132804053866326,0.5991920242718103,0.08463575309004766,0.007620154749901761,-0.6956099534164876,-0.7183792354665463,0.5223790593095844,-0.6098135886351229,0.596026430211603,-0.8526793369352992,-0.37980808288379686,0.3587251991980961
-0.5132701608015722,0.5983818698467478,0.083791616533577,0.009843487138524728,-0.6892050320009051,-0.724499502847024,0.5256313916456787,-0.6127928701171531,0.5900818065744857,-0.8506554801313989,-0.38662814460177714,0.3562357813642625
-0.5132575611153583,0.5975837190440253,0.0829452256598862,0.011767768071476326,-0.6828532147755095,-0.7304608180493788,0.5288446913044924,-0.615731752182408,0.584121307463987,-0.8486370320187967,-0.3931741299031945,0.35387750912030835
-0.5132429808375748,0.5967974369001986,0.08209686324159017,0.013391620200032055,-0.6765645155140917,-0.7362615845306616,0.5320184690384134,-0.6186295196624866,0.5781469242365507,-0.8466268440762086,-0.3994470850429916,0.3516603661776747
-0.5132267902188468,0.596022879875754,0.08124681347339828,0.014713743541293242,-0.6703487935276761,-0.7419002633555203,0.5351522817162904,-0.6214854917932339,0.5721606582633678,-0.8446274570038849,-0.40544824393072815,0.3495943082612181
-0.5132093551015726,0.5952598959798924,0.08039536164347488,0.015732898371027624,-0.6642157467065916,-0.7473753526413968,0.5382457324139124,-0.6242990224231503,0.5661645186160201,-0.8426410905284989,-0.4111790029032423,0.3476892579940278
-0.5131910367799972,0.5945083249041266,0.07954279380289794,0.01644788897329294,-0.6581749053709702,-0.7526853664634623,0.5412984704241012,-0.6270695001693017,0.560160519738718,-0.8406696336045754,-0.4166408956131607,0.3459551000315107
-0.5131721918695266,0.5937679981645563,0.0786893964338212,0.01685754840388513,-0.6522356267866581,-0.7578288132632764,0.5443101911872414,-0.6297963485207453,0.5541506791114169,-0.8387146349215086,-0.4218355681307009,0.34440167628559765
-0.5131531721851531,0.5930387392526665,0.0778354561169441,0.016960724425157038,-0.6464070901956782,-0.7628041738032969,0.547280636143309,-0.632479025889602,0.5481370149080569,-0.836777293626894,-0.4267647543489233,0.34303878106703084
-0.5131343246288449,0.5923203637944824,0.07698125919888704,0.0167562667714025,-0.6406982922033415,-0.767609878708975,0.5502095925065815,-0.635117025610084,0.542121543654134,-0.8348584501804046,-0.4314302517764849,0.34187615596068105
-0.5131159910857178,0.5916126797178919,0.07612709146006263,0.01624301590669251,-0.6351180423578742,-0.7722442856413743,0.5530968929644501,-0.6377098758858903,0.5361062778877653,-0.8329585772577929,-0.43583389779720416,0.3409234842359348
-0.5130985083288042,0.5909154874279348,0.07527323778362667,0.015419793440991673,-0.6296749587528744,-0.7767056561463956,0.5559424153019276,-0.6402571396864847,0.5300932238283568,-0.8310777706319044,-0.43997754647259824,0.3401903845811288
-0.5130822079321895,0.5902285799898426,0.07441998182607946,0.014285394375376135,-0.6243774634780386,-0.7809921322319902,0.5587460819535849,-0.6427584145929668,0.5240843790568974,-0.8292157399670232,-0.44386304596200254,0.3396864039379196
-0.5130674161922876,0.5895517433195934,0.07356760569007802,0.012838581353317445,-0.619233777739375,-0.7851017127324692,0.561507859484887,-0.6452133325942905,0.5180817302118169,-0.8273717994744169,-0.4474922166353193,0.3394210091984199
-0.5130544540569969,0.5888847563817327,0.07271638960000645,0.011078081102079753,-0.614251916466574,-0.789032229529464,0.5642277580049729,-0.6476215598347717,0.5120872507042711,-0.8255448583909766,-0.45086682995571764,0.3394035775148879
-0.5130436370624626,0.5882273913942043,0.07186661158083671,0.009002583256139127,-0.6094396822224096,-0.7927813237125131,0.5669058305131429,-0.6499827963138989,0.5061028984565967,-0.8237334112593224,-0.45398858821407995,0.33964338495908714
-0.5130352752771583,0.5875794140399072,0.07101854714079499,0.006610741762991403,-0.6048046582270817,-0.7963464217789679,0.5695421721814103,-0.652296775539616,0.5001306136675704,-0.8219355280070474,-0.4568591052036097,0.3401495932561633
-0.5130296732529849,0.5869405836846961,0.07017246895833397,0.003901179080367941,-0.6003542003095035,-0.7997247119931454,0.5721369195756142,-0.6545632641363431,0.49417231660798544,-0.8201488438450122,-0.45947988793190153,0.34093123430653455
-0.5130271299830687,0.5863106536015202,0.0693286465738907,0.0008724933824028842,-0.5960954275978486,-0.8029131210487446,0.5746902498177479,-0.656782061409082,0.4882299054499341,-0.8183705490300297,-0.4618523194790468,0.34199719219916447
-0.5130279388659325,0.585689371200391,0.0684873460868918,-0.0024767309998788107,-0.5920352117635583,-0.8059082912066564,0.5772023796921997,-0.6589529988651123,0.4823052541330407,-0.8165973785662161,-0.46397764312384066,0.3433561824112536
-0.5130323876757038,0.5850764782638533,0.06764882985844713,-0.006147909671799453,-0.5881801646367897,-0.8087065581127104,0.5796735646987583,-0.6610759396948398,0.47640021027075424,-0.814825601951793,-0.4658569478760875,0.34501672788355425
-0.5130407585380122,0.5844717111876291,0.06681335622015099,-0.010142440565509354,-0.5845366240174322,-0.8113039295366923,0.5821040980552954,-0.6631507782134655,0.47051659309965504,-0.8130510131145563,-0.467491155571074,0.346987131657956
-0.5130533279112262,0.5838748012260897,0.06598117918939082,-0.014461682389516846,-0.5811106375148631,-0.8136960653152588,0.5844943096531208,-0.6651774392652361,0.4646561914745836,-0.8112689207196259,-0.468881009702475,0.34927544576566083
-0.5130703665726697,0.5832854747422079,0.06515254819153611,-0.0191069289013191,-0.5779079442620993,-0.815878258827084,0.5868445649680878,-0.6671558775921117,0.4588207619122257,-0.8094741390775717,-0.4700270661919951,0.3518894360613432
-0.5130921396094617,0.5827034534616342,0.0643277077893646,-0.0240793787743918,-0.5749339543667307,-0.8178454203784927,0.589155263930535,-0.6690860771687656,0.4530120266856658,-0.8076609799295624,-0.47092968631755117,0.35483654271237597
-0.5131189064136065,0.5821284547305321,0.06350689742004992,-0.02938010084443478,-0.572193725982559,-0.8195920629316557,0.5914268397572673,-0.6709680505059071,0.4472316719721825,-0.8058232454385407,-0.4715890320464406,0.35812383607405807
-0.5131509206809828,0.5815601917768052,0.06269035114002118,-0.035009994541143265,-0.5696919399132703,-0.8211122906643671,0.5936597577487489,-0.6728018379239527,0.4414813460564874,-0.8039542227713751,-0.47200506404487425,0.3617579677133156
-0.5131884304138568,0.5809983739743485,0.06187829737797277,-0.040969745342602795,-0.5674328716933053,-0.8223997909097808,0.5958545140547198,-0.6745875067991782,0.4357626575913571,-0.8020466807157649,-0.4721775426599169,0.36574511638635226
-0.5132316779265664,0.5804427071099438,0.06107095869628539,-0.04725977513128538,-0.5654203611324974,-0.8234478300847825,0.598011634411492,-0.6763251507844658,0.4300771739175027,-0.8000928688365099,-0.4721060321931574,0.37009092883208733
-0.5132808998540153,0.579892893652425,0.060268551561088506,-0.053880187385424376,-0.5636577793606186,-0.824249254275409,0.6001316728541469,-0.6780148890068617,0.4244264194442852,-0.7980845197374742,-0.4717899088061015,0.37480045531473904
-0.5133363271626274,0.5793486330237376,0.05947128612117834,-0.060830707208928116,-0.5621479934666714,-0.8247964952046395,0.6022152104068362,-0.6796568652441627,0.4188118740928055,-0.7960128550564443,-0.4712283724139211,0.37987807993751793
-0.513398185163412,0.5788096218715164,0.058679365995974286,-0.06811061628881462,-0.5608933288960153,-0.8250815823594079,0.6042628537544282,-0.6812512470827701,0.41323497180263596,-0.7938685958780032,-0.47042046293514655,0.3853274458568582
-0.5134666935268056,0.5782755543428026,0.057892988072678106,-0.07571868297283334,-0.559895529846824,-0.8250961620965181,0.6062752338986568,-0.6827982250590787,0.407697099103367,-0.7916419783020533,-0.469365081267999,0.3911513756543573
-0.5135420662989603,0.5777461223585315,0.0571123423127756,-0.08365308778278391,-0.5591557179958447,-0.8248315245775693,0.608253004801891,-0.6842980117867101,0.40219959375194075,-0.7893227749494351,-0.46806101535730027,0.39735178727270964
-0.5136245119191558,0.5772210158884208,0.056337611567997235,-0.09191134482187174,-0.5586743499818284,-0.8242786393965431,0.6101968420216732,-0.6857508410718066,0.3967437434366002,-0.7869003232175039,-0.46650697169677074,0.4039296060930622
-0.5137142332380344,0.5766999232258928,0.05556897140583257,-0.1004902196972632,-0.5584511741823658,-0.8234282007555564,0.612107441339,-0.6871569670187289,0.3913307845481162,-0.7843635611134792,-0.4647016125773175,0.4108846739237452
-0.5138114275363563,0.5761825312626765,0.05480658994467119,-0.10938564476127971,-0.5584851874348153,-0.8222706830089823,0.6139855173833517,-0.6885166631283832,0.38596190101881095,-0.7817010714868293,-0.4626435993402001,0.4182156558832863
-0.5139162865439955,0.5756685257627332,0.054050627698624516,-0.11859263267437083,-0.5587745924722757,-0.8207964073281535,0.6158318022573651,-0.6898302213914267,0.38063822322974983,-0.7789011354490423,-0.4603316418219563,0.42591994639097963
-0.5140289964589108,0.5751575916351624,0.053301237432055934,-0.12810518950724173,-0.5593167569680036,-0.8189956201324332,0.6176470441639823,-0.6910979513785651,0.37536082698630957,-0.7759517957043527,-0.45776455408336886,0.4339935757220895
-0.5141497379658317,0.5746494132057542,0.052558564023836137,-0.13791622882335097,-0.5601081752023775,-0.816858583782167,0.6194320060387836,-0.6923201793301407,0.370130732562226,-0.7728409304131825,-0.4549413163955811,0.4424311188358504
-0.5142786862544291,0.5741436744868594,0.05182274434131392,-0.14801748841025666,-0.5611444334802376,-0.8143756798301768,0.6211874641901708,-0.6934972472471348,0.3649489038120702,-0.7695563380660996,-0.451861143311515,0.45122560843496645
-0.5144160110367415,0.5736400594452606,0.051093907123978786,-0.15839945155049986,-0.5624201805273007,-0.8115375248774017,0.622914206949955,-0.6946295119856766,0.35981624735196327,-0.7660858336560006,-0.44852355747962613,0.46036845445513663
-0.5145618765636595,0.5731382522677442,0.050372172876774944,-0.16905127492980412,-0.5639291041753364,-0.8083350987731577,0.6246130333367563,-0.6957173443571123,0.35473361180827406,-0.7624173561970269,-0.44492846866062563,0.46984937240018393
-0.5147164416402767,0.5726379376240726,0.04965765377300574,-0.1799607254603214,-0.5656639156992235,-0.8047598845417288,0.6262847517345809,-0.696761128235603,0.34970178713384314,-0.7585390873491947,-0.4410762571887894,0.4796563231187303
-0.5148798596399383,0.5721388009270849,0.04895045356676012,-0.19111412843580558,-0.5676163431868321,-0.800804019008041,0.6279301785887957,-0.6977612596751421,0.3447215039912684,-0.7544395805693559,-0.43696786088197326,0.4897754667463112
-0.5150522785168394,0.5716405285896514,0.04825066751476812,-0.20249632951951882,-0.569777135296688,-0.796460452642956,0.6295501371215776,-0.6987181460378699,0.33979343320259237,-0.7501078998259685,-0.43260486415492594,0.5001911335961213
-0.515233840817038,0.5711428082782333,0.047558382307589506,-0.21409067307898333,-0.5721360766810117,-0.7917231166643092,0.6311454560688502,-0.6996322051354077,0.33491818526471506,-0.7455337664950066,-0.4279895878376324,0.5108858147554526
-0.5154246836877685,0.57064532916281,0.0468736760100192,-0.22587899931007585,-0.5746820162164029,-0.7865870949285456,0.6327169684405473,-0.700503864384909,0.3300963099297123,-0.7407077126087471,-0.4231251779547743,0.5218401750178482
-0.5156249388849664,0.5701477821629449,0.04619661801058539,-0.23784166242313565,-0.5774029089865828,-0.781048797649437,0.6342655103059528,-0.7013335599814039,0.32532829584919265,-0.7356212381736462,-0.41801569149691337,0.5330330905396296
-0.5158347327789208,0.5696498601897894,0.045527268980006426,-0.24995757188569895,-0.5802858726991363,-0.7751061335087005,0.635791919605715,-0.7021217360879367,0.32061457028173523,-0.7302669698275321,-0.412666177022861,0.5444417132441737
-0.5160541863580064,0.5691512583838252,0.04486568083845985,-0.262204258324046,-0.5833172588923499,-0.768758676305544,0.6372970349920084,-0.7028688440448979,0.3159554988623933,-0.7246388176927399,-0.4070827477912865,0.5560415635036323
-0.5162834152304521,0.568651674348175,0.04421189673151098,-0.27455796517857767,-0.5864827389043233,-0.7620078219574142,0.6387816946982031,-0.7035753415998415,0.31135138543317614,-0.7187321269259437,-0.40127264504317983,0.5678066520080226
-0.5165225296241278,0.5681508083773215,0.04356595101454131,-0.2869937665921826,-0.5897674041440152,-0.7548569314422845,0.6402467354392324,-0.7042416921589968,0.3068024719333896,-0.7125438201939845,-0.39524428905964326,0.5797096309956391
-0.5167716343843571,0.5676483636810852,0.04292786924550613,-0.29948571130003593,-0.593155879736859,-0.7473114551916785,0.641692991343773,-0.7048683640615472,0.3023089383486344,-0.7060725271439129,-0.38900731571371683,0.5917219741853575
-0.5170308289697629,0.5671440466037462,0.042297668185849895,-0.31200699150514627,-0.5966324501343508,-0.7393790345273449,0.6431212929191612,-0.7054558298776721,0.29787090271725297,-0.6993186969085657,-0.3825725964288151,0.6038141838478297
-0.51730020744619,0.5666375668381911,0.04167535580940017,-0.32453013489557536,-0.6001811947993932,-0.7310695760006927,0.6445324660498729,-0.7060045657312236,0.293488421192959,-0.6922846898150565,-0.37595223975372105,0.6159560225144582
-0.517579858478763,0.5661286376349975,0.041060931319056415,-0.33702721712249023,-0.6037861316316389,-0.7223952949514351,0.6459273310302865,-0.7065150506477657,0.289161488162369,-0.6849748447547256,-0.369159573162456,0.6281167658928976
-0.517869865322141,0.5656169760063815,0.04045438517108919,-0.3494700912534848,-0.6074313654049416,-0.713370725248499,0.6473067016322298,-0.706987765928679,0.28489003641612104,-0.6773955191328657,-0.3622091041780471,0.6402654726824273
-0.5181703058090675,0.5651023029249447,0.0398556991068571,-0.361830629986263,-0.6111012381770025,-0.7040126929979874,0.6486713842078039,-0.707423194551818,0.2806739373722331,-0.6695550989378508,-0.3551164604867482,0.6523712662109581
-0.5184812523373176,0.5645843435171852,0.039264846191756526,-0.37408097579620503,-0.6147804784213606,-0.6943402529735418,0.6500221768277746,-0.7078218205991363,0.27651300135039786,-0.6614639772349213,-0.3478983093315153,0.664403622194245
-0.5188027718551633,0.564062827251741,0.0386817908612049,-0.386193793736649,-0.6184543455412478,-0.6843745876056776,0.6513598684556817,-0.7081841287116432,0.272406977895809,-0.6531345002713387,-0.34057225712332767,0.6763326564888248
-0.5191349258454965,0.5635374881223583,0.038106488973471575,-0.3981425213445079,-0.6221087664646775,-0.6741388695107525,0.6526852381578038,-0.7085106035717931,0.2683555561512084,-0.6445808813394402,-0.33315673085520836,0.6881294065054484
-0.519477770308757,0.5630080648255912,0.03753888786915835,-0.4099016100484388,-0.6257304611937455,-0.6636580896922453,0.6539990543488408,-0.7088017294134858,0.2643583652757628,-0.6358190835375415,-0.3256708435133781,0.6997660999896793
-0.5198313557448383,0.5624743009332516,0.03697892643714122,-0.42144675264176984,-0.6293070544837923,-0.6529588546490813,0.6553020740732322,-0.7090579895595515,0.2604149749094453,-0.6268666735463188,-0.3181342462211515,0.7112164051667206
-0.5201957271341413,0.5619359450596458,0.036426535186779754,-0.432755091764627,-0.6328271712467366,-0.6420691566207201,0.6565950423217425,-0.7092798659866785,0.25652489568154757,-0.617742649450642,-0.3105669702942877,0.722455656778967
-0.5205709239179755,0.5613927510236487,0.0358816363262072,-0.44380540492210285,-0.6362805137871809,-0.6310181220350565,0.6578786913830076,-0.7094678389174475,0.2526875797620225,-0.6084672464365766,-0.3029892627083154,0.7334610532927853
-0.5209569799785088,0.5608444780056754,0.03534414384651025,-0.45457826231875365,-0.6396579195633252,-0.6198357438605657,0.6591537402294994,-0.7096223864391884,0.24890242145429772,-0.5990617248403742,-0.2954214186620011,0.7442118214775995
-0.5213539236184772,0.5602908906996302,0.03481396361161797,-0.4650561546747314,-0.6429513987871286,-0.6085526039684878,0.6604208939373221,-0.7097439841491853,0.24516875782829528,-0.5895481454895611,-0.2878836149587464,0.7546893456171908
-0.5217617775408893,0.5597317594599188,0.03429099345371341,-0.47522358915883217,-0.6461541518072819,-0.5971995917691251,0.6616808431391733,-0.709833104825673,0.24148586939234787,-0.579949137536759,-0.2803957478203922,0.7648772597447335
-0.522180558828947,0.5591668604436255,0.03377512327399244,-0.4850671525786169,-0.6492605668233946,-0.5858076252981324,0.662934263509651,-0.7098902181240115,0.23785298080276376,-0.5702876640382369,-0.272977278505022,0.7747615024417532
-0.5226102789264415,0.5585959757479622,0.03326623514858976,-0.494575541957487,-0.6522661990318581,-0.574407380608911,0.6641818152820788,-0.7099157902972772,0.23426926160978695,-0.5605867903777798,-0.26564708973960977,0.7843303348505749
-0.5230509436188624,0.5580188935431163,0.03276420343950385,-0.5037395635570908,-0.6551677327798652,-0.5630290348031821,0.6654241427958372,-0.7099102839404943,0.2307338270387594,-0.550869460300475,-0.25842335552271306,0.7935743235694088
-0.5235025530154895,0.5574354082006199,0.03226889491035043,-0.5125521022311398,-0.6579629286866563,-0.5517020273413151,0.666661874073233,-0.70987415775756,0.2272457388052848,-0.5411582838279425,-0.25132342632964594,0.8024862909871564
-0.5239651015327242,0.5568453204173835,0.03178016884677854,-0.5210080636932025,-0.6606505579698985,-0.5404548434612476,0.6678956204247355,-0.70980786634995,0.22380400596322914,-0.5314753407112303,-0.24436373119141933,0.811061236340444
-0.5244385778789384,0.5562484373355356,0.031297877181392014,-0.5291042928258686,-0.6632303263866866,-0.5293148226473984,0.669125976081437,-0.7097118600261195,0.2204075857844506,-0.5218420023784035,-0.23755969754837442,0.8192962313195535
-0.5249229650411091,0.5556445726582236,0.03082186462301804,-0.5368394715421382,-0.6657027902659249,-0.5183079941757793,0.6703535178534893,-0.7095865846305036,0.21705538466914115,-0.5122787745903692,-0.23092568922616227,0.8271902944060767
-0.525418240273522,0.5550335467615275,0.030351968790169798,-0.5442139999320288,-0.668069267080264,-0.5074589408620372,0.6715788048131822,-0.7094324813909816,0.21374625908570283,-0.5028051622683282,-0.22447496236835218,0.834744248297673
-0.5259243750888234,0.5544151868026533,0.02988802034855939,-0.5512298644970142,-0.6703317428939365,-0.4967906912930041,0.6728023780013475,-0.7092499867835346,0.21047901653915063,-0.4934395572330367,-0.21821963870452565,0.8419605647780252
-0.5264413352517026,0.553789326824568,0.029429843152512816,-0.5578904972078601,-0.6724927788431997,-0.48632464005941334,0.674024760155636,-0.709039532412883,0.20725241656699175,-0.48419914892769467,-0.21217069514773246,0.8488432012440368
-0.5269690807754912,0.5531558078572432,0.028977254390153428,-0.5642006289382279,-0.6745554185755216,-0.47608049484946435,0.6752464554592332,-0.7088015449077636,0.20406517176164388,-0.47509985760411444,-0.20633796840807161,0.8553974328332883
-0.5275075659219638,0.5525144780156744,0.028530064732214838,-0.570166140550856,-0.6765230983090711,-0.4660762487229278,0.6764679493085163,-0.7085364458295191,0.20091594881841426,-0.4661562889500386,-0.20073017308209634,0.8616296837312187
-0.5280567392046167,0.5518651925948528,0.028088078484356592,-0.575793914569599,-0.6783995608915461,-0.4563281754688996,0.6776897080981087,-0.7082446515926286,0.19780336960814487,-0.4573817087319043,-0.19535493152873007,0.8675473608079785
-0.5286165433957152,0.5512078141618472,0.027651093742856337,-0.5810916899831594,-0.6801887749512048,-0.4468508456553429,0.6789121790217849,-0.7079265733957864,0.19472601227363612,-0.44878803572333414,-0.19021881376582744,0.8731586922668255
-0.5291869155373815,0.5505422126451709,0.027218902553554934,-0.5860679223169454,-0.6818948599550885,-0.43765716079818606,0.6801357898876188,-0.7075826171621382,0.1916824123489784,-0.4403858509818914,-0.1853273856093811,0.8784725735036623
-0.5297677869570028,0.5498682654215952,0.026791291073942524,-0.5907316506973248,-0.6835220177294336,-0.4287584030004519,0.6813609489458068,-0.7072131834872235,0.1886710639010036,-0.43218442141762037,-0.18068526331981624,0.883498421901797
-0.530359083287226,0.5491858574005692,0.02636803973826712,-0.5950923732335042,-0.6850744707619223,-0.4201642974237435,0.6825880447275074,-0.7068186675932507,0.1856904206920219,-0.4241917355564503,-0.17629617310643686,0.8882460418339233
-0.5309607244908064,0.5484948811064079,0.025948923425561803,-0.5991599316685645,-0.6865564073992945,-0.41188308503979043,0.6838174458930872,-0.7063994592882762,0.18273889736311144,-0.4164145494278212,-0.17216301396120404,0.8927255007271939
-0.5315726248905708,0.5477952367583891,0.02553371163048482,-0.6029444059117391,-0.6879719338791039,-0.4039216032528909,0.6850495010881508,-0.7059559429288749,0.17981487063721704,-0.4088584405862446,-0.16828792243666585,0.8969470166756425
-0.5321946932047437,0.547086832348917,0.02512216863687163,-0.6064560187643734,-0.6893250329915266,-0.3962853721697239,0.6862845388057126,-0.70548849738494,0.17691668054134937,-0.40152786839856736,-0.16467233814083398,0.9009208577619533
-0.5328268325878857,0.5463695837198754,0.024714053693903993,-0.6097050508949765,-0.6906195290551103,-0.38897868450707146,0.6875228672529022,-0.704997496005242,0.17404263164721118,-0.3944262388806074,-0.16131706888620534,0.9046572529795256
-0.5334689406776693,0.5456434146373149,0.02430912119480435,-0.6127017659048697,-0.6918590588070068,-0.3820046973582092,0.6887647742205938,-0.7044833065824161,0.17119099432960797,-0.38755597253804464,-0.15822235459437192,0.9081663144252287
-0.5341209096477305,0.5449082568645796,0.023907120857965994,-0.6154563451537514,-0.6930470477508082,-0.3753655242745069,0.6900105269543557,-0.7039462913161096,0.16836000604201407,-0.38091857384769245,-0.15538792921646907,0.9114579702606467
-0.5347826262667985,0.5441640502339962,0.02350779791043711,-0.6179788318813718,-0.6941866914702263,-0.369062326351737,0.6912603720251888,-0.7033868067730067,0.16554787260871207,-0.374514701198942,-0.15281308007920533,0.9145419078109945
-0.5354539719643163,0.5434107427172159,0.02311089327367657,-0.6202790840637918,-0.6952809414011755,-0.36309540123399864,0.6925145351984995,-0.7028052038425485,0.16275276953293352,-0.36834423629505897,-0.15049670420354183,0.9174275260815327
-0.5361348229027363,0.5426482904943054,0.022716143751507538,-0.6223667353762505,-0.6963324945548186,-0.3574642691573128,0.6937732212997968,-0.7022018276872152,0.15997284332047557,-0.3624063521855136,-0.14843736126662568,0.9201238969159484
-0.5368250500566711,0.5418766580216591,0.02232328222019373,-0.6242511635950937,-0.6973437866966524,-0.3521677553464334,0.6950366140756977,-0.7015770176862465,0.1572062128182656,-0.3566995792601396,-0.14663332298644352,0.9226397339945819
-0.5375245192990675,0.5410958180987981,0.021932037820573378,-0.6259414657541487,-0.6983169885087248,-0.347204068250436,0.6963048760487806,-0.7009311073718122,0.15445097056741822,-0.35122186868166555,-0.1450826188026315,0.924983368867316
-0.5382330914945416,0.5403057519341119,0.021542136152183068,-0.6274464393722324,-0.6992540042909395,-0.34257087325427127,0.697578148364958,-0.7002644243566646,0.15170518417030332,-0.3459706528635413,-0.1437830778065157,0.9271627332316914
-0.5389506226000241,0.5395064492095721,0.02115329946931376,-0.6287745690842349,-0.7001564727909277,-0.3382653616347696,0.6988565506320679,-0.6995772902523775,0.14896689767122367,-0.34094290271478367,-0.14273236693934513,0.9291853466969384
-0.53967696377282,0.5386979081444507,0.02076524687894028,-0.6299340180350658,-0.7010257697881117,-0.33428431464126906,0.7001401807484248,-0.6988700205773902,0.14623413295028362,-0.33613518147281213,-0.14192802553105527,0.9310583093153166
-0.5404119614861873,0.53788013555805,0.020377694540472023,-0.6309326234305745,-0.7018630120949358,-0.33062416267423106,0.7014291147201638,-0.6981429246541353,0.14350489113008472,-0.33154369502962955,-0.14136749629385803,0.9327882982101063
-0.5411554576525213,0.5370531469314364,0.019990355867276974,-0.6317778956798219,-0.7026690626754775,-0.3272810396114356,0.7027234064662945,-0.6973963054945883,0.14077715399490823,-0.32716433872716666,-0.14104815291688091,0.9343815676820427
-0.5419072897542037,0.5362169664681619,0.019602941729932526,-0.632477020606654,-0.7034445366178459,-0.32425083239219915,0.7040230876104212,-0.6966304596737182,0.13804888542206012,-0.32299274065529465,-0.1409673244311913,0.9358439522306552
-0.5426672909821597,0.5353716271539393,0.019215160661164004,-0.6330368642536025,-0.7041898077312935,-0.3215292260173713,0.7053281672582181,-0.6958456771903582,0.1353180328250987,-0.31902430153223266,-0.1411223165302194,0.9371808719820395
-0.5434352903821574,0.5345171708152155,0.01882671906243145,-0.6334639798463461,-0.7049050155712592,-0.31911174415823523,0.706638631759776,-0.6950422413151609,0.13258252860867212,-0.3152542312831029,-0.1415104300399096,0.9383973400687045
-0.5442111130088414,0.5336536481765863,0.018437321412134847,-0.6337646165312573,-0.7055900727253815,-0.3169937855926822,0.707954444456101,-0.6942204284253352,0.12984029163475236,-0.3116775824595703,-0.14212897673709826,0.9394979715591849
-0.5449945800874941,0.5327811189169628,0.01804667047540561,-0.6339447295410725,-0.7062446722206979,-0.3151706567035955,0.7092755454090911,-0.693380507826017,0.1270892287000394,-0.30828928066303896,-0.14297529271455411,0.9404869935844161
-0.5457855091834808,0.5318996517244028,0.017654467515462565,-0.6340099914839524,-0.7068682949367181,-0.31363760028379173,0.7106018511144304,-0.6925227415581975,0.1243272360243843,-0.305084152147017,-0.14404674948770696,0.9413682563538892
-0.546583714379322,0.5310093243494876,0.01726041250650753,-0.6339658044887332,-0.7074602169308937,-0.3123898208953778,0.7119332541969801,-0.6916473841932153,0.12155220075005292,-0.30205694878193506,-0.1453407630321748,0.9421452447970922
-0.5473890064593059,0.5301102236571275,0.01686420434814807,-0.6338173129737897,-0.7080195166022769,-0.31142250703018093,0.7132696230883009,-0.6907546826139686,0.11876200245174698,-0.2992023705690834,-0.14685480093327802,0.9428210906045157
-0.5482011931015341,0.5292024456766495,0.016465541081329815,-0.6335694168385715,-0.7085450816360296,-0.3107308503129749,0.7146108016861175,-0.6898448757830457,0.11595451465725216,-0.2965150858900033,-0.14858638781956915,0.9433985844776197
-0.5490200790772787,0.5282860956500146,0.01606412010577306,-0.633226784905471,-0.709035615686085,-0.31031006198145566,0.7159566089956231,-0.6889181944980973,0.11312760637868348,-0.29398974967466,-0.15053310924223923,0.9438801884286454
-0.5498454664574811,0.5273612880779993,0.01565963839890451,-0.6327938684654124,-0.7094896447658252,-0.31015538686703703,0.7173068387526286,-0.6879748611349068,0.11027914365425706,-0.2916210196664314,-0.15269261415166266,0.9442680479992122
-0.5506771548262303,0.5264281467641556,0.015251792736285014,-0.6322749148033957,-0.7099055233273989,-0.31026211508917867,0.7186612590287612,-0.6870150893786189,0.10740699110059863,-0.2894035709550832,-0.15506261611149547,0.9445640042914536
-0.551514941501004,0.525486804856358,0.01484027991353376,-0.6316739806004954,-0.7102814400193405,-0.31062559166362497,0.7200196118189607,-0.6860390839437883,0.10450901347558997,-0.2873321089408532,-0.1576408933799215,0.9447696057272281
-0.5523586217594508,0.5245374048857315,0.014424796969754886,-0.630994945126572,-0.7106154231197702,-0.3112412242120641,0.7213816126117072,-0.685047040283942,0.10158307725179502,-0.285401380883918,-0.16042528797705602,0.944886119469977
-0.5532079890724579,0.5235800988027409,0.014005041412472743,-0.6302415231534483,-0.7109053456487352,-0.3121044889476502,0.7227469499425653,-0.6840391442914333,0.09862705220051227,-0.2836061861841868,-0.16341370384731177,0.9449145424603029
-0.5540628353432234,0.5226150480102114,0.013580711444089356,-0.6294172775317286,-0.711148930168429,-0.3132109350978121,0.7241152849317237,-0.6830155719884967,0.09563881298654474,-0.2819413855268438,-0.16660410421572674,0.9448556120305784
-0.5549229511520288,0.5216424233930476,0.01315150618987761,-0.6285256313859768,-0.711343753284207,-0.31455618791306034,0.725486250806376,-0.6819764892104713,0.09261624077378595,-0.2804019090194769,-0.1699945082280526,0.9447098160760984
-0.5557881260063825,0.5206624053443936,0.012717125927524407,-0.627569879892824,-0.7114872498626615,-0.31613595039819986,0.726859452408972,-0.6809220512822144,0.08955722484172123,-0.27898276343716294,-0.1735829869557719,0.9444774027706944
-0.5566581485961758,0.5196751837879846,0.012277272318243718,-0.6265532016149185,-0.7115767169856504,-0.31794600389062777,0.7282344656924238,-0.6798524026888838,0.08645966421298389,-0.27767903868272925,-0.17736765883913677,0.9441583898235291
-0.5575328070534713,0.5186809581964238,0.011831648639480559,-0.6254786693706362,-0.7116093176611925,-0.31998220759928225,0.7296108372036066,-0.678767676742238,0.08332146929211655,-0.2764859135605084,-0.1813466846339312,0.9437525732812031
-0.5584118892165143,0.5176799376051109,0.011379960019224523,-0.6243492606253017,-0.7115820843136534,-0.32224049720740516,0.7309880835565575,-0.6776679952437646,0.08014056351566567,-0.2753986609534443,-0.1855182619208524,0.9432595358854932
-0.5592951828975361,0.5166723406215497,0.010921913671955932,-0.6231678673944477,-0.7114919220767257,-0.32471688263258275,0.7323656908969691,-0.6765534681459573,0.07691488501377411,-0.2744126524853781,-0.18988061923019872,0.9426786550021674
-0.5601824761538938,0.5156583954297504,0.0104572191362477,-0.6219373056535327,-0.7113356119134594,-0.3274074450285586,0.7337431143597362,-0.6754241932131146,0.07364238828343449,-0.2735233627427469,-0.19443200982892822,0.942009110140546
-0.5610735575620598,0.5146383397894438,0.00998558851404242,-0.6206603242516405,-0.711109813588014,-0.3303083331050978,0.7351197775214023,-0.674280255683151,0.07032104587353814,-0.27272637312282666,-0.19917070521210012,0.9412498900868905
-0.5619682164939577,0.5136124210298189,0.009506736711628026,-0.6193396133290959,-0.7108110685140498,-0.333415758834643,0.7364950718495932,-0.673121727931862,0.06694885008188756,-0.2720173753689813,-0.20409498833616313,0.9403997996774736
-0.5628662433951167,0.5125808960374927,0.009020381682329536,-0.6179778122407747,-0.7104358025046673,-0.33672599260772107,0.7378683561515622,-0.6719486691412432,0.06352381466429247,-0.2713921748472067,-0.20920314662753436,0.9394574662393406
-0.5637674300640871,0.5115440312384313,0.008526244670932943,-0.6165775169882441,-0.7099803284486941,-0.3402353578928798,0.7392389560242459,-0.6707611249733704,0.06004397655586578,-0.2708466936124447,-0.2144934647963521,0.938421345728486
-0.5646715699325439,0.5105021025735218,0.008024050459857032,-0.61514128716476,-0.7094408489378642,-0.34394022545146524,0.7406061633082457,-0.6695591272515018,0.056507397604627016,-0.2703769733078639,-0.2199642174821416,0.9372897285964185
-0.565578458345484,0.5094553954675161,0.007513527617081142,-0.6136716524177447,-0.7088134588690935,-0.3478370071526412,0.7419692355483861,-0.6683426936499981,0.052912166317472815,-0.26997917793529463,-0.22561366175543773,0.9360607454170299
-0.5664878928408935,0.5084042047910622,0.006994408745834152,-0.6121711184336297,-0.7080941480456296,-0.3519221494297467,0.7433273954635891,-0.6671118273947287,0.04925639961855035,-0.2696495965304517,-0.23144002949705988,0.9347323723063007
-0.5673996734282523,0.5073488348155424,0.006466430736043321,-0.610642172449973,-0.7072788038003949,-0.3561921264153098,0.7446798304289579,-0.6658665169756063,0.045538244620023385,-0.2693846457723171,-0.23744151967475347,0.9333024361677553
-0.5683136028652166,0.5062895991604407,0.0059293350175378245,-0.6090872882995927,-0.706363213664313,-0.36064343278877686,0.7460256919730781,-0.6646067358729348,0.04175588040519594,-0.26918087255215606,-0.24361629053523068,0.9317686197967359
-0.5692294869318084,0.5052268207329763,0.005382867814986742,-0.6075089309911412,-0.7053430681018403,-0.36527257636822874,0.7473640952936906,-0.6633324422992197,0.03790751982385033,-0.2690349565239514,-0.24996245172832401,0.9301284668765498
-0.5701471347014138,0.5041608316597405,0.0048267804045539165,-0.6059095608300794,-0.704213963335357,-0.3700760704749885,0.748694118794982,-0.6620435789581086,0.033991411299675464,-0.2689437126547214,-0.25647805637880033,0.9283793868993686
-0.5710663588078919,0.5030919732100835,0.004260829372231867,-0.6042916370834773,-0.7029714042794336,-0.3750504260981074,0.7500148036498661,-0.660740072822111,0.030005840649520204,-0.2689040937900054,-0.2631610931206061,0.9265186600444395
-0.5719869757080692,0.5020205957110095,0.0036847768738113382,-0.602657621191461,-0.7016108076053548,-0.38019214388413036,0.7513251533907387,-0.6594218349307108,0.025949132914164345,-0.2689131932468796,-0.2700094781076668,0.9245434420457439
-0.5729088059388878,0.5009470584533479,0.0030983908964322122,-0.6010099795274678,-0.7001275049556053,-0.38549770597635413,0.7526241335322753,-0.6580887602104859,0.021819654200226853,-0.26896824744416425,-0.2770210470149586,0.922450769080687
-0.5738316743684615,0.49987172958897996,0.0025014455216432973,-0.5993511857088232,-0.6985167463273203,-0.3909635677268686,0.7539106712299378,-0.6567407273187841,0.017615813532699275,-0.2690666385768603,-0.28419354704336597,0.9202375627107706
-0.574755410440292,0.4987949860189122,0.0018937211898918539,-0.5976837224584595,-0.6967737036429751,-0.3965861493040958,0.7551836549779327,-0.6553775985125064,0.013336064717548276,-0.26920589733950917,-0.29152462894176007,0.9179006349044534
-0.5756798484098775,0.49771721327200313,0.0012750049663402788,-0.5960100830179659,-0.6948934745258024,-0.4023618272182085,0.7564419343504164,-0.6539992195434876,0.00897890821366394,-0.26938370570084114,-0.2990118390598731,0.9154366931715787
-0.5766048275729527,0.4966388053741633,0.0006450908078985418,-0.5943327721115262,-0.6928710862966306,-0.4082869257867014,0.7576843197898736,-0.6526054195818675,0.00454289301337001,-0.2695978997299242,-0.3066526114457533,0.9128423458378306
-0.5775301924845883,0.49556016470786,3.7798313372885573e-06,-0.5926543064597265,-0.6907015002079692,-0.41435770856254317,0.7589095824465267,-0.6511960111689046,2.6618530544285606e-05,-0.26984647247199584,-0.31444426000194053,0.910114107486667
-0.5784557931683739,0.4944817018617863,-0.0006491194176656162,-0.5909772148416965,-0.6883796159302534,-0.42057036974764167,0.7601164540727977,-0.6497707902004886,-0.00457126350468744,-0.2701275768701641,-0.3223839707149705,0.9072484045950716
-0.5793814853149226,0.4934038354705499,-0.0013137906947229554,-0.5893040377036015,-0.6859002763041983,-0.42692102561487516,0.7613036269767812,-0.6483295359426466,-0.009252047145936311,-0.2704395287272735,-0.3304687939733761,0.9042415813882662
-0.580307130468914,0.4923269920442808,-0.0019904097863601036,-0.5876373263111146,-0.6832582723721876,-0.43340570596255196,0.7624697540387255,-0.6468720110802385,-0.01401697032647959,-0.27078080970048385,-0.33869563698988187,0.9010899059372315
-0.581232596203926,0.4912516057880508,-0.002679144239288358,-0.5859796414432462,-0.6804483487005066,-0.4400203456259699,0.7636134487945615,-0.6453979617999052,-0.018867212952734903,-0.2711500703192216,-0.34706125634429885,0.8977895765214687
-0.5821577562842823,0.4901781184110334,-0.0033801530895531113,-0.5843335516246881,-0.6774652090030807,-0.4467607760715907,0.7647332855904323,-0.6439071179083524,-0.023803894996852912,-0.2715461330156265,-0.3555622506641712,0.8943367282779394
-0.5830824908131834,0.48910697892534233,-0.0040935865918246776,-0.582701630893771,-0.6743035220761145,-0.4536227171003304,0.7658277998121934,-0.6423991929869076,-0.028828074590314622,-0.2719679951548584,-0.3641950534610787,0.890727440155477
-0.5840066863663713,0.48803864343451464,-0.0048195859491111425,-0.5810864561031658,-0.6709579280517175,-0.46060176868745295,0.7668954881938296,-0.6408738845831771,-0.033940746120501006,-0.2724148320510693,-0.37295592614116485,0.88695774219225
-0.5849302361106136,0.4869735749116158,-0.005558283043206431,-0.5794906037506106,-0.6674230449771772,-0.4676934029876259,0.7679348092085873,-0.639330874440654,-0.03914283833243962,-0.2728859999533178,-0.38184095120919537,0.8830236231319832
-0.585853039906304,0.4859122429669702,-0.006309800166205204,-0.5779166463372124,-0.6636934757250662,-0.47489295653476515,0.7689441835466944,-0.6377698287668457,-0.04443521243806483,-0.27338103898415733,-0.3908460256861888,0.8789210383926727
-0.5867750043934845,0.48485512360554467,-0.007074249753451125,-0.5763671482513194,-0.6597638152377713,-0.48219562266733756,0.7699219946832512,-0.6361903985406383,-0.049818660235571265,-0.27389967601223003,-0.3999668547612466,0.8746459183994352
-0.5876960430606417,0.4838026989740236,-0.007851734118302763,-0.5748446611764607,-0.6556286581084125,-0.489596444210824,0.7708665895399893,-0.634592219859246,-0.055293902241568736,-0.2744418274387228,-0.4091989456988825,0.870194177290918
-0.5886160762956245,0.4827554570976468,-0.008642345189139393,-0.5733517190225901,-0.6512826064983394,-0.49709030645001506,0.7717762792442588,-0.632974914325243,-0.06086158583900982,-0.2750076018762544,-0.4185376020236183,0.865561722006346
-0.5895350314180873,0.4817138916068925,-0.009446164249046702,-0.5718908323806535,-0.6467202783896222,-0.5046719304247194,0.772649339988631,-0.6313380894738813,-0.06652228344399083,-0.27559730269742677,-0.42797791800409335,0.8607444617578347
-0.5904528426928697,0.4806785014541224,-0.010263261678658396,-0.5704644825015296,-0.6419363161690477,-0.5123358665832155,0.7734840139942148,-0.6296813392409252,-0.07227649069477746,-0.27621143042904717,-0.4375147734592129,0.8557383178900388
-0.591369451323778,0.4796497906203068,-0.011093696702653194,-0.5690751148014715,-0.6369253955382186,-0.5200764888284951,0.7742785105807053,-0.6280042444710321,-0.07812462466657172,-0.27685068496685517,-0.4471428289091212,0.8505392341265225
-0.5922848054272496,0.4786282678119969,-0.011937517140434787,-0.5677251318974907,-0.6316822347423481,-0.5278879889928259,0.7750310073459061,-0.6263063734666782,-0.08406702211573797,-0.27751596758451075,-0.45685652109380104,0.8451431871994841
-0.5931988599854396,0.4776144461487027,-0.012794759161554715,-0.5664168861775181,-0.6262016041083174,-0.5357643717765624,0.775739651457295,-0.6245872825774794,-0.09010393775742757,-0.27820838270957643,-0.4666500588820822,0.8395461978565987
-0.5941115767782982,0.47660884284088384,-0.013665447046457932,-0.5651526719117616,-0.6204783358805365,-0.5436994501872491,0.7764025610579659,-0.6228465168296535,-0.09623554258068973,-0.27892923943829895,-0.47651741959354305,0.8337443422358459
-0.5950229242942582,0.47561197885875617,-0.014549592953162653,-0.5639347169133604,-0.61450733434108,-0.5516868415150651,0.7770178267889981,-0.6210836105952913,-0.10246192220537076,-0.2796800527602033,-0.4864523457554067,0.8277337635961893
-0.5959328776191974,0.47462437859216156,-0.015447196690512642,-0.5627651737583107,-0.6082835861985071,-0.5597199638803869,0.7775835134300707,-0.6192980883009568,-0.10878307528530023,-0.2804625444627597,-0.496448342315959,0.8215106843889561
-0.5968414183033935,0.47364656950174455,-0.016358245498659288,-0.5616461105765702,-0.6018021712278122,-0.5677920333887241,0.7780976616598144,-0.6174894651750836,-0.1151989119623893,-0.281278643685829,-0.5064986743351662,0.8150714186517521
-0.5977485342062346,0.47267908176172346,-0.01728271383746172,-0.5605795014283778,-0.5950582731419293,-0.5758960619275464,0.7785582899371148,-0.6156572480334745,-0.12170925237649102,-0.28213048709507865,-0.5165963651722633,0.8084123847036853
-0.598654219318516,0.4717224478945406,-0.018220563183510105,-0.5595672162820021,-0.5880471906733845,-0.5840248556384834,0.7789633965042284,-0.613800936102174,-0.12831382523598658,-0.2830204186432606,-0.526734195188841,0.8015301181176897
-0.5995584735622053,0.47077720239770815,-0.019171741836501707,-0.5586110106114484,-0.5807643488428555,-0.5921710140971019,0.7793109615122659,-0.6119200218768117,-0.13501226645423722,-0.28395098888801923,-0.5369047009846497,0.7944212849427563
-0.60046130256761,0.46984388136318345,-0.020136184735717683,-0.5577125146350707,-0.573205310389767,-0.6003269302308509,0.7795989492691899,-0.6100139920174993,-0.14180411785716673,-0.2849249538348678,-0.5471001751816982,0.7870826951460398
-0.6013627174279625,0.468923022089619,-0.021113813287363233,-0.5568732222184753,-0.5653657873385294,-0.6084847910039308,0.7798253106101595,-0.6080823282781865,-0.14868882596734667,-0.28594527327406555,-0.5573126667705169,0.7795113162420125
-0.6022627344314897,0.4680151626878526,-0.02210453520355599,-0.5560944794676767,-0.5572416526726686,-0.6166365788957111,0.7799879853896158,-0.6061245084693471,-0.15566574087011262,-0.2870151085804058,-0.5675339820305262,0.7717042870731977
-0.603161374771098,0.4671208416800218,-0.023108244353750623,-0.5553774730410296,-0.5488289520880056,-0.6247740741968588,0.780084905094108,-0.604140007452781,-0.16273411516725794,-0.2881378199453796,-0.5777556860342754,0.7636589317045849
-0.6040586642318895,0.46624059759269487,-0.02412482062940787,-0.5547232182110945,-0.5401239157950859,-0.6328888581447056,0.7801139955744908,-0.6021282981671601,-0.16989310302399893,-0.28931696301172855,-0.5879691047431851,0.7553727733915008
-0.6049546328567745,0.4653749685444356,-0.0251541298227189,-0.5541325467102316,-0.5311229703404315,-0.6409723169164094,0.7800731798956035,-0.6000888526829803,-0.17714175931492193,-0.2905562848812486,-0.5981653276999446,0.7468435485786997
-0.6058493145905366,0.46452449182821703,-0.02619602352019963,-0.5536060943963221,-0.5218227504157938,-0.6490156464953264,0.7799603813012203,-0.5980211432853708,-0.18447903887464526,-0.29185971946759964,-0.6083352113203325,0.7380692208865917
-0.606742746902764,0.4636897034891321,-0.027250339011978663,-0.5531442887776855,-0.5122201106244865,-0.6570098584225866,0.7797735262914777,-0.5959246435832805,-0.1919037958590045,-0.2932313821670233,-0.618469382784612,0.7290479950390361
-0.6076349703901454,0.46287113789784323,-0.028316899217590275,-0.5527473364387702,-0.5023121371741088,-0.6649457864423416,0.7795105478096727,-0.59379882964334,-0.19941478322246667,-0.2946755638211439,-0.6285582445261366,0.7197783306858524
-0.6085260283586976,0.46206932732023154,-0.0293955126290917,-0.5524152104107858,-0.4920961594654921,-0.6728140940453909,0.7791693885347263,-0.5916431811467825,-0.20701065231754726,-0.2961967239474943,-0.638591979312165,0.7102589560723211
-0.609415966386571,0.46128480148372164,-0.030485973272307527,-0.5521476375338511,-0.4815697615485629,-0.6806052829120908,0.778748004275237,-0.5894571825676136,-0.21468995262188376,-0.2977994832150017,-0.6485605559094014,0.7004888815073129
-0.6103048318681543,0.4605180871407508,-0.03158806068699293,-0.5519440858596198,-0.47073079341706386,-0.6883097022514866,0.7782443674605346,-0.5872403243702535,-0.22245113159854177,-0.29948861514345043,-0.6584537353242523,0.6904674125815048
-0.6111926735402685,0.45976970762988234,-0.03270153992669639,-0.5518037521456282,-0.45957738211556826,-0.695917559029665,0.7776564707236578,-0.5849921042247972,-0.23029253469504501,-0.3012690370078408,-0.6682610776054853,0.6801941630872201
-0.6120795409913329,0.45904018243504585,-0.03382616157907995,-0.5517255494947391,-0.44810794263409953,-0.703418929076381,0.7769823305707588,-0.5827120282379433,-0.2382124054864785,-0.30314579993059426,-0.6779719491948448,0.6696690675918837
-0.6129654841544396,0.45833002674341283,-0.03496166180743033,-0.5517080951951217,-0.43632118856789043,-0.7108037690550564,0.7762199911309072,-0.5803996121976823,-0.246208885967819,-0.3051240781467507,-0.6875755308091496,0.6588923936179654
-0.6138505527853615,0.4576397510024124,-0.036107762414071244,-0.5517496988180955,-0.42421614252223727,-0.7180619292774779,0.775367527979824,-0.5780543828297486,-0.25428001700050185,-0.3072091574295893,-0.6970608258357884,0.6478647533833977
-0.6147347959265884,0.4569698604763919,-0.037264170926349816,-0.5518483506329296,-0.4117921462452132,-0.7251831673408287,0.7744230520306374,-0.5756758790637947,-0.26242373891795656,-0.30940642266647966,-0.7064166692221299,0.6365871150579816
-0.6156182613585567,0.4563208548034434,-0.03843058070584025,-0.5520017103993274,-0.399048870473924,-0.7321571625612239,0.7733847134842688,-0.5732636533072412,-0.27063789229464985,-0.3117213445772874,-0.7156317368383831,0.6250608134930612
-0.6165009950393039,0.45569322755290587,-0.03960667108136302,-0.552207096599803,-0.3859863244832475,-0.7389735311746484,0.772250705831625,-0.5708172727247369,-0.2789202188828382,-0.31415946557023156,-0.7246945552927843,0.6132875603838874
-0.6173830405338548,0.455087465784064,-0.040792107506373736,-0.5524614761754723,-0.37260486532926207,-0.7456218422732669,0.7710192698993401,-0.5683363205211488,-0.2872683627209417,-0.31672638473279474,-0.7335935121778576,0.6012694538263599
-0.6182644384347046,0.45450404960655744,-0.04198654174123111,-0.5527614548300105,-0.3589052067830347,-0.752091634442398,0.7696886979304419,-0.5658203972259183,-0.29567987141712054,-0.319427741957945,-0.7423168667268253,0.5890089872323829
-0.619145225774828,0.45394345174302086,-0.0431896120607976,-0.553103267967555,-0.3448884279538458,-0.7583724330611813,0.7682573376908274,-0.563269121976741,-0.3041521976112507,-0.3222692012088847,-0.7508527608599948,0.5765090575707471
-0.6200254354347043,0.4534061370944701,-0.04440094348776916,-0.5534827723312888,-0.33055598160441174,-0.7644537682280168,0.7667235965921729,-0.5606821338003726,-0.3126827006180924,-0.32525643292828804,-0.7591892306023609,0.5637729729032437
-0.6209050955449016,0.45289256230894426,-0.04562014805206842,-0.5538954384102099,-0.31590970216393244,-0.7703251932703855,0.7650859458214506,-0.558059092888506,-0.3212686482540027,-0.3283950956011033,-0.767314217855471,0.5508044591885483
-0.6217842288858144,0.4524031753539206,-0.04684682507657984,-0.5543363436823424,-0.3009518134478773,-0.7759763037975619,0.7633429244669654,-0.555399681866525,-0.3299072188491537,-0.3316908164829293,-0.7752155825091476,0.5376076663291649
-0.6226628522862007,0.45193841509300114,-0.04808056148941866,-0.5548001667631609,-0.28568493609639334,-0.7813967572540651,0.7614931436304851,-0.5527036070530912,-0.3385955034466103,-0.3351491715092395,-0.782881114881501,0.5241871734395724
-0.6235409760222002,0.451498710867379,-0.04932093216287392,-0.5552811825285768,-0.2701120947455768,-0.7865762929314751,0.7595352905147728,-0.5499705997084162,-0.34733050818925276,-0.3387756644039015,-0.7902985484793209,0.5105479933161755
-0.6244186032185598,0.4510844820825791,-0.050567500279074855,-0.5557732582821813,-0.2542367249480121,-0.7915047523964192,0.7574681324756019,-0.5472004172691505,-0.35610915689489314,-0.34257570500888074,-0.7974555730748746,0.4966955760921289
-0.6252957292538245,0.4506961378009592,-0.05181981772235798,-0.5562698510367937,-0.23806267986043284,-0.7961721002931291,0.7552905210271151,-0.5443928445678125,-0.36492829381942243,-0.3465545868605591,-0.8043398480996915,0.482635812062131
-0.6261723411712719,0.45033407634046135,-0.0530774254982277,-0.5567640059806231,-0.22159423671734094,-0.8005684454798777,0.7530013957892029,-0.5415476950347419,-0.3737846866072372,-0.3507174640418129,-0.8109390163607972,0.46837503366411637
-0.6270484170974049,0.4499986848800839,-0.0543398541787221,-0.5572483561985075,-0.20483610310954795,-0.8046840624598924,0.750599788365488,-0.5386648118805001,-0.3826750294276202,-0.3550693273429092,-0.8172407180902332,0.45392001660602493
-0.6279239256698149,0.4496903390725438,-0.05560662437390159,-0.557715123718782,-0.18779342308609454,-0.8085094130688589,0.7480848261403236,-0.535744069256825,-0.3915959462950815,-0.35961497976856593,-0.8232326053441673,0.43927798012683117
-0.6287988254762539,0.44940940266458895,-0.05687724722909939,-0.5581561219563337,-0.17047178309648495,-0.8120351683828547,0.7454557359832557,-0.5327853733940816,-0.40054399457112266,-0.36435901143285715,-0.8289023567738446,0.424456586381266
-0.6296730645067478,0.4491562271254034,-0.058151224947470596,-0.5585627596222524,-0.152877217787894,-0.8152522308124073,0.7427118478493068,-0.5297886637133675,-0.40951566864415934,-0.36930577388857894,-0.834237692796386,0.4094639389376317
-0.6305465796205798,0.44893115128355515,-0.05942805133729211,-0.5589260461702293,-0.13501621566856728,-0.8181517563502834,0.7398525982634985,-0.5267539139113613,-0.4185074037837473,-0.37445935394280766,-0.8392263911994196,0.39430858037726496
-0.6314192960299686,0.4487345009729047,-0.06070721238337094,-0.5592365988493948,-0.11689572464424099,-0.8207251769424763,0.736877533678108,-0.5236811330160827,-0.4275155801645839,-0.3798235470160188,-0.8438563032192685,0.3789994889828751
-0.6322911268022443,0.44856658868789767,-0.06198818684181997,-0.559484651432608,-0.09852315742898672,-0.8229642229535596,0.7337863136912621,-0.5205703664117718,-0.43653652705507057,-0.38540183010816376,-0.8481153701378938,0.36354607450107523
-0.6331619723822997,0.44842771324864633,-0.06327044685737401,-0.5596600646882489,-0.07990639682521357,-0.8248609456990654,0.7305787141156292,-0.51742169683115,-0.4455665271646056,-0.39119733444171023,-0.8519916404488866,0.34795817296180265
-0.634031720137071,0.44831815947619474,-0.06455345860231497,-0.5597523386622165,-0.0610538008599568,-0.8264077400186496,0.7272546298862134,-0.5142352453133459,-0.4546018211430633,-0.3972128178586958,-0.8554732876472975,0.3322460405342385
-0.634900243923757,0.4482381978783465,-0.0658366829359941,-0.5597506268351143,-0.04197420775570647,-0.8275973668644537,0.7238140777964691,-0.5110111721258498,-0.46363861222531055,-0.4034506370565589,-0.858548628701861,0.31642034639512506
-0.6357674036834391,0.44818808434643076,-0.06711957608383308,-0.5596437522172716,-0.02267694070428941,-0.8284229758791504,0.7202571990522763,-0.507749677648933,-0.4726730710129088,-0.4099127197557343,-0.8612061432709934,0.300492164581305
-0.6366330450617244,0.44816805986335423,-0.06840159033460652,-0.5594202254413584,-0.0031718124013782527,-0.8288781279375335,0.7165842616336987,-0.5044510032209392,-0.4817013403845529,-0.41660053690079046,-0.863434493725771,0.2844729647936594
-0.6374969990579576,0.448178350223289,-0.06968217475471337,-0.5590682649086667,0.016530870712523727,-0.8289568176241141,0.7127956624547928,-0.5011154319430176,-0.49071954052615036,-0.423515075006364,-0.8652225460435303,0.268374602114852
-0.6383590817044984,0.44821916576332166,-0.07096077591806119,-0.5585758190405735,0.03642030457141696,-0.8286534956168818,0.7088919293122149,-0.4977432894418446,-0.4997237740708539,-0.43065680876906837,-0.8665593916348362,0.25220930559815735
-0.6392190937774737,0.44829070110737934,-0.07223683865010372,-0.5579305906811918,0.05648518404347584,-0.8279630909441018,0.7048737226138337,-0.49433494458900956,-0.5087101313387586,-0.4380256740770482,-0.8674343701639655,0.23598966567964796
-0.6400768205403469,0.44839313492273364,-0.07350980678448922,-0.5571200636904728,0.07671370002492038,-0.8268810330767118,0.7007418368791342,-0.49089081017572006,-0.5176746956654171,-0.4456210415597321,-0.8678370934187543,0.21972862036090732
-0.6409320315215525,0.44852662968936813,-0.07477912393070794,-0.5561315317590897,0.0970935371761284,-0.8254032738134229,0.6964972020037005,-0.48741134354164284,-0.526613548807802,-0.45344169083169417,-0.8677574702793164,0.203439440104754
-0.6417844803273551,0.4486913314824805,-0.07604423425104587,-0.5549521294670176,0.11761187242217432,-0.8235263089090553,0.692140884280752,-0.4838970471566811,-0.5355227764158155,-0.46148578559591813,-0.8671857328268235,0.18713571138220325
-0.642633904490997,0.4488873697683755,-0.07730458324509523,-0.5535688655967878,0.13825537435420568,-0.821247199388871,0.6876740871733028,-0.48034846915459634,-0.5443984735570082,-0.46975084978342607,-0.8661124636229491,0.17083131880523184
-0.6434800253590918,0.4491148572139897,-0.07855961854000139,-0.5519686586997387,0.15901020368165292,-0.8185635924827899,0.6830981518312206,-0.476766203817463,-0.5532367502816998,-0.47823374491767334,-0.8645286241777104,0.1545404257772482
-0.6443225480161165,0.44937388951027113,-0.07980879068457503,-0.5501383748991571,0.17986201489828535,-0.8154737421033516,0.6784145573482088,-0.47315089200995697,-0.5620337372153171,-0.48693064890325877,-0.8624255846082671,0.1382774535914671
-0.6451611612477413,0.44966454520962656,-0.08105155394534787,-0.548064867897927,0.20079595933691433,-0.8119765287802326,0.673624920754414,-0.46950322156263335,-0.5707855911644214,-0.49583703644911137,-0.8597951544735973,0.12205705890724033
-0.6459955375436162,0.4499868855776225,-0.08228736710259998,-0.5457350211399574,0.2217966897980129,-0.8080714789522115,0.6687309967412385,-0.4658239276033569,-0.5794885007225354,-0.5049476613460443,-0.8566296147500543,0.10589410953558354
-0.646825333140118,0.4503409544591266,-0.08351569424435994,-0.5431357920545117,0.2428483669461145,-0.8037587835046804,0.6637346771156496,-0.4621137928361422,-0.5881386918616898,-0.5142565408271469,-0.8529217508905494,0.08980365846833051
-0.6476501881034368,0.45072677815903883,-0.08473600555633767,-0.5402542582902424,0.26393466767424684,-0.7990393154275608,0.6586379899821522,-0.4583736477667591,-0.5967324334953358,-0.5237569422466211,-0.8486648868856776,0.07380091609045003
-0.6484697264532475,0.4511443653377634,-0.08594777810573498,-0.537077665821704,0.2850387956403888,-0.7939146464547601,0.6534430986514274,-0.45460437087450184,-0.6052660429981342,-0.5334413723178308,-0.843852920218728,0.05790122052249506
-0.6492835563270941,0.45159370692154177,-0.08715049661685359,-0.5335934787850793,0.3061434941807136,-0.7883870625326499,0.6481523002754896,-0.4508068887296392,-0.613735891667983,-0.5433015691543956,-0.838480357578355,0.04212000604992083
-0.6500912701854745,0.4520747760277637,-0.08834365423642562,-0.529789430872373,0.3272310618017831,-0.7824595779514779,0.6427680242100595,-0.4469821760560906,-0.622138410115674,-0.553328497358507,-0.8325423511631344,0.026472769608359037
-0.6508924450574858,0.45258752790533596,-0.08952675328657315,-0.5256535780842891,0.34828337044729324,-0.7761359479608309,0.6372928301057847,-0.44313125573903234,-0.630470093567417,-0.5635123463979677,-0.8260347353816434,0.010975035309069599
-0.6516866428267588,0.4531318998901972,-0.09069930600332832,-0.521174352612008,0.36928188672460055,-0.7694206796782718,0.6317294057307331,-0.43925519877713537,-0.6387275070656921,-0.5738425325074373,-0.8189540637205355,-0.004357682993523405
-0.6524734105572787,0.4537078113760208,-0.09186083525864622,-0.5163406175872579,0.39020769626120066,-0.7623190410898416,0.6260805645275321,-0.43535512417929256,-0.6469072905538469,-0.5843077043394991,-0.811297645521888,-0.01950992106968702
-0.6532522808585505,0.4543151638001553,-0.09301087526387712,-0.5111417224090838,0.4110415313419136,-0.7548370679323914,0.6203492429093487,-0.43143219880573036,-0.6550061638301203,-0.5948957525772672,-0.803063582380466,-0.03446630557195616
-0.6540227722894507,0.4549538406448177,-0.09414897225268702,-0.5055675583249377,0.43176380195310904,-0.746981568241384,0.6145384972997625,-0.4274876371535336,-0.6630209313569508,-0.6055938237019187,-0.7942508038421399,-0.04921159711088699
-0.6547843897999658,0.45562370745353986,-0.09527468514146047,-0.49960861391381495,0.45235463033127843,-0.73876012434414,0.6086515009224694,-0.4235227010866529,-0.6709484869116935,-0.6163883380856114,-0.7848591020572535,-0.06373073504942381
-0.6555366252098987,0.45632461186285683,-0.0963875861652633,-0.4932560300907759,0.47279388907929754,-0.7301810920780956,0.6026915403475334,-0.41953869951057965,-0.6787858180652341,-0.6272650125525937,-0.7748891650179687,-0.07800888388606723
-0.6562789577235056,0.4570563836491983,-0.09748726148750067,-0.4865016542260149,0.4930612428752647,-0.7212535970167846,0.5966620118017045,-0.4155369879919833,-0.6865300104753563,-0.638208887518886,-0.7643426079873148,-0.09203148106520875
-0.6570108544788947,0.4578188347909321,-0.09857331178146464,-0.47933809294847113,0.5131361937558637,-0.711987527493472,0.5905664172511581,-0.41151896832362966,-0.6941782519821451,-0.6492043587836223,-0.7532220027107549,-0.1057842860199256
-0.657731771130917,0.45861175954548594,-0.09964535278203523,-0.4717587631844854,0.5329981299094965,-0.7023935242238672,0.5844083602656757,-0.4074860880350983,-0.7017278364932065,-0.6602352140034856,-0.7415309039890592,-0.11925343021875809
-0.6584411524661639,0.459434934541461,-0.10070301580588258,-0.4637579409670796,0.5526263778643458,-0.6924829663453883,0.5781915416740563,-0.4034398398497679,-0.7091761676470603,-0.6712846738355887,-0.7292738731851889,-0.13242546795431895
-0.659138433048579,0.4602881188856272,-0.10174594823858964,-0.4553308075417455,0.5720002579036494,-0.6822679537113995,0.5719197550211916,-0.39938176108876894,-0.716520762243589,-0.6823354376843418,-0.7164564982382337,-0.14528742757832
-0.6598230378940982,0.46117105428466804,-0.10277381398721443,-0.4464734922909035,0.5910991424859855,-0.6717612853044578,0.5655968818379127,-0.395313433022589,-0.7237592534310877,-0.6933697339347851,-0.7030854097648646,-0.15782686285603595
-0.6604943831726359,0.46208346518154386,-0.10378629389690314,-0.437183112002099,0.6099025173928524,-0.6609764336631235,0.5592268867352296,-0.39123648017118623,-0.7308893936401621,-0.7043693744993343,-0.6891682928437168,-0.1700319040835974
-0.6611518769356568,0.46302505890629275,-0.10478308613026735,-0.4274578060150287,0.6283900452706055,-0.6499275152519891,0.5528138123352193,-0.3871525695534526,-0.7379090572554046,-0.7153158134476119,-0.674713894101022,-0.1818913085851448
-0.661794919867481,0.4639955258411039,-0.10576390650834573,-0.4172967668001425,0.6465416311798821,-0.6386292567440086,0.5463617740512532,-0.3830634098870905,-0.744816243016519,-0.7261902094311898,-0.6597320237467124,-0.19339451018411077
-0.6624229060584174,0.464994539599457,-0.1067284888120829,-0.406700265546997,0.6643374897143802,-0.6270969572275069,0.5398749547306823,-0.3789707507399111,-0.7516090761414288,-0.7369734915575635,-0.6442335522492011,-0.20453166722497948
-0.6630352237977377,0.4660217572191131,-0.10767658504337259,-0.39566967237397893,0.681758213203344,-0.6153464463968666,0.5333575991735693,-0.3748763816337719,-0.7582858101645955,-0.7476464283117219,-0.6282304013838829,-0.2152937087092207
-0.6636312563844673,0.46707681936873174,-0.10860796564483736,-0.38420747081226453,0.6987848404698009,-0.6033940388350202,0.5268140085412693,-0.3707821311023256,-0.7648448284847701,-0.7581896990705705,-0.611735529444557,-0.22567237810256116
-0.6642103829539093,0.46815935056785707,-0.10952241967763272,-0.3723172662657863,0.7153989255804171,-0.5912564845468983,0.5202485346690339,-0.3666898657039459,-0.7712846456171321,-0.7685839677062583,-0.5947629104680345,-0.23566027437075174
-0.6647719793177855,0.46926895942001645,-0.1104197549566938,-0.3600037882048515,0.731582605994285,-0.5789509159546836,0.5136655742970013,-0.36260148899117595,-0.7776039081457307,-0.7788099577305678,-0.577327507388998,-0.24525088980820817
-0.6653154188158528,0.4704052388586526,-0.11129979814297569,-0.3472728859134144,0.7473186694977904,-0.5664947916172055,0.5070695632339981,-0.3585189404381768,-0.7838013953730686,-0.7888485283950595,-0.5594452391138378,-0.25443864423827195
-0.6658400731768175,0.47156776640559483,-0.11216239479235554,-0.3341315176777518,0.7625906193017311,-0.5539058369861836,0.500464970468865,-0.35444419432768687,-0.7898760196644755,-0.7986807511314896,-0.5411329415775752,-0.2632189151858963
-0.6663453133863878,0.4727561044417655,-0.11300740936101093,-0.3205877333764669,0.7773827366760877,-0.5412019825596871,0.4938562922438426,-0.3503792585990187,-0.7958268264859927,-0.8082879856955092,-0.5224083229252751,-0.2715880636528377
-0.6668305105602651,0.4739698004898005,-0.1138347251672071,-0.30665065050697904,0.7916801405072422,-0.5284012998376139,0.487248046104679,-0.3463261736587982,-0.801652994135261,-0.8176519553641508,-0.5032899130374952,-0.279543455161968
-0.6672950368199134,0.4752083875082598,-0.11464424430956713,-0.2923304237606416,0.8054688431826197,-0.5155219355235781,0.48064476494193703,-0.3422870111560359,-0.8073538331659654,-0.8267548205349843,-0.4837970076963277,-0.2870834757805568
-0.66773826616894,0.47647138419708124,-0.11543588754202282,-0.27763820833589364,0.8187358022382332,-0.5025820444518005,0.4740509910379173,-0.33826387272328157,-0.8129287855072028,-0.8355792500822429,-0.4639496077631325,-0.2942075428816061
-0.6681595753679531,0.4777582953139324,-0.11620959410577726,-0.2625861172546919,0.8314689672454357,-0.4895997217451353,0.4674712701333181,-0.3342588886855985,-0.8183774232801214,-0.8441084898430105,-0.44376835380914403,-0.3009161104568425
-0.6685583448057939,0.4790686120010961,-0.1169653215187374,-0.24718717302057838,0.8436573214634037,-0.4765929347307717,0.4609101455275788,-0.3302742167390966,-0.823699447315052,-0.852326427634296,-0.42327445670459657,-0.30721066885378173
-0.6689339593650748,0.48040181212253286,-0.11770304532300042,-0.231455254025325,0.8552909178428321,-0.4635794551526611,0.4543721522264695,-0.32631204060083246,-0.8288946853732423,-0.8602176542394131,-0.4024896247289944,-0.3130937388712123
-0.6692858092800081,0.48175736061073876,-0.11842275879109895,-0.21540503617405107,0.8663609090326816,-0.45057679222405733,0.4478618111501783,-0.3223745686318423,-0.8339630900781614,-0.8677675198485698,-0.3814359878138137,-0.3185688602113556
-0.6696132909845648,0.4831347098230274,-0.11912447259183367,-0.19905193025439297,0.8768595711145034,-0.437602127059375,0.4413836234146723,-0.3184640324351012,-0.8389047365622092,-0.8749621854933703,-0.36013601956769553,-0.3236405743515505
-0.6699158079490565,0.4845332999068568,-0.11980821441663266,-0.1824120156227794,0.8867803208661544,-0.42467224901205297,0.43494206469870084,-0.31458268543020923,-0.843719819835441,-0.8817886690767046,-0.3386124577626142,-0.32831440196235046
-0.6701927715033209,0.48595255917381563,-0.1204740285674942,-0.16550197081933538,0.8961177264371117,-0.4118034944243401,0.42854157970825213,-0.31073280140650344,-0.8484086518837617,-0.8882348856671144,-0.3168882239769232,-0.33259681506093786
-0.6704436016447458,0.48739190448188563,-0.12112197550767317,-0.14833900175128836,0.9048675113994405,-0.3990116882664146,0.4221865767497479,-0.3069166730563867,-0.8529716585047409,-0.8942896817987784,-0.2949863430970693,-0.3364952041477824
-0.6706677278294562,0.48885074162560294,-0.12175213137637357,-0.13094076810301597,0.9130265522199675,-0.3863120891066073,0.415881422422657,-0.30313661049056,-0.8574093758899549,-0.8999428635931837,-0.2729298633744823,-0.3400178406291157
-0.6708645897450853,0.49032846573373345,-0.1223645874688122,-0.11332530863855701,0.9205928692788201,-0.3737193378124351,0.40963043644159136,-0.2993949397367428,-0.8617224469634661,-0.9051852185948726,-0.2507417777176777,-0.34317383487721137
-0.6710336380636244,0.4918244616740851,-0.12295944968310153,-0.09551096605974987,0.927565611635484,-0.3612474103348338,0.4034378865972849,-0.2956940012235679,-0.8659116174866306,-0.9100085312898168,-0.2284449468727362,-0.3459730903236018
-0.6711743351729509,0.4933381044650919,-0.12353683793549557,-0.07751631207036311,0.9339450358146403,-0.3489095748760707,0.3973079838651758,-0.29203614825108815,-0.8699777319401099,-0.9144055923494778,-0.20606202510860352,-0.34842625401674604
-0.6712861558857365,0.4948687596937927,-0.12409688554561288,-0.05936007327438235,0.9397324789487916,-0.33671835368690356,0.3912448776696001,-0.28842374544941635,-0.873921729194457,-0.9183702017150598,-0.18361538897839966,-0.35054466410452095
-0.6713685881245331,0.49641578393985997,-0.12463973859333369,-0.0410610585055517,0.9449303266721835,-0.3246854896813291,0.3852526513108725,-0.284859167226815,-0.8777446379812233,-0.9218971657036087,-0.16112706967498228,-0.3523402947231645
-0.6714211335819426,0.49797852520532104,-0.1251655552491293,-0.022638088146611765,0.9495419762097297,-0.3128219179993426,0.3793353175617962,-0.28134479620853514,-0.8814475721769667,-0.9249822883792735,-0.13861868944012995,-0.3538256987876141
-0.6714433083548822,0.4995563233496332,-0.12567450507964326,-0.004109925951135335,0.9535717951451167,-0.30113774259032294,0.3734968144393943,-0.27788302166759943,-0.8850317259129804,-0.9276223574883805,-0.11611140242286382,-0.3550139491838243
-0.6714346435520686,0.5011485105297937,-0.12616676833040374,0.01450478617008122,0.9570250763835055,-0.28964221783314925,0.36774100115686553,-0.2744762379485499,-0.8884983685239705,-0.9298151253051902,-0.09362584031535104,-0.35591857886170813
-0.6713946858739525,0.5027544116451577,-0.1266425351875874,0.03318758999123551,0.959907989846149,-0.27834373515511185,0.3620716542600254,-0.2711268428851727,-0.8918488393492069,-0.9315592847757905,-0.071182063026045,-0.3565535203183021
-0.6713229981644406,0.5043733447866774,-0.12710200502080043,0.05192026909377934,0.9622275314469662,-0.26724981456066055,0.3564924639517222,-0.26783723621297956,-0.895084542400003,-0.9328544413802506,-0.04879951458028021,-0.3569330449452242
-0.6712191599338585,0.5060046216902603,-0.12754538560887535,0.07068490297995184,0.9639914699048722,-0.25636710093410725,0.3510070306069842,-0.26460981797720246,-0.8982069409075726,-0.9337010811577667,-0.02649698437023089,-0.3570717026930324
-0.6710827678527133,0.5076475481939939,-0.12797289235071405,0.0894639169492502,0.9652082919410383,-0.2457013649379286,0.3456188614807964,-0.2614469869368382,-0.9012175517655916,-0.9341005353562408,-0.0042925738097610855,-0.35698426247843484
-0.6709134362159206,0.5093014246989654,-0.12838474746322207,0.10824012756918787,0.9658871463978043,-0.2352575082910478,0.34033136760984756,-0.2583511389652042,-0.9041179398818456,-0.9340549421766456,0.017796331613224955,-0.35668565372957645
-0.6707107973772687,0.5109655466334512,-0.1287811791684024,0.12699678362982975,0.9660377877965837,-0.22503957317938808,0.335147860908686,-0.25532466544729476,-0.9069097124535381,-0.9335672060842809,0.039753084953377475,-0.35619090943015286
-0.6704745021539957,0.5126392049202474,-0.12916242087168128,0.14571760252705715,0.9656705198265448,-0.21505075552459096,0.3300715514601349,-0.25236995167409354,-0.9095945131808542,-0.9326409551539468,0.061561795213803845,-0.35551511098628086
-0.6702042202014517,0.5143216864469478,-0.12952871033354496,0.16438680207175818,0.9647961392251457,-0.205293421815882,0.32510554499906313,-0.24948937523388334,-0.9121740164334153,-0.9312804969049243,0.08320733971026568,-0.35467333520136207
-0.6698996403579205,0.516012274538977,-0.1298802888365621,0.18298912777025236,0.963425880476653,-0.1957691291947432,0.32025284058802456,-0.24668530440037265,-0.9146499213842401,-0.9294907730651143,0.10467537160517151,-0.3536806036046302
-0.6695604709597658,0.5177102494352157,-0.1302174003498591,0.20150987566507286,0.9615713617166012,-0.18647864847195772,0.31551632848258315,-0.2439600965174318,-0.9170239461257683,-0.9272773136825453,0.1259523228594317,-0.3525518343392868
-0.669186440127153,0.5194148887660706,-0.13054029069310355,0.2199349108642032,0.959244532189661,-0.17742198975153473,0.3108987881836021,-0.241316096379969,-0.9192978217824195,-0.9246461909774586,0.14702540288049698,-0.35130179677693785
-0.6687772960206882,0.5211254680338573,-0.13084920670203196,0.23825068192071533,0.9564576215665079,-0.16859843033567362,0.3064028866731627,-0.2387556346104445,-0.9214732866340277,-0.9216039733001737,0.16788259316886536,-0.349945068986877
-0.6683328070693904,0.5228412610953844,-0.13114439539753464,0.2564442312537303,0.9532230913828414,-0.16000654458872085,0.30203117683029607,-0.23628102603031345,-0.9235520802643286,-0.9181576795296055,0.18851263828348858,-0.3484959981523589
-0.6678527621704874,0.5245615406466361,-0.1314261031602831,0.2745032018253458,0.9495535888214642,-0.15164423544570058,0.2977860960222443,-0.23389456802560907,-0.9255359377484725,-0.9143147342154474,0.20890503345872646,-0.3469686639916411
-0.6673369708616032,0.5262855787094847,-0.13169457491285694,0.29241584030712836,0.9454619030169706,-0.1435087672618105,0.2936699648664039,-0.23159853890570994,-0.927426583893359,-0.9100829237343381,0.22905000921254914,-0.34537684520953343
-0.6667852634659515,0.5280126471203528,-0.13195005331128445,0.3101709969838676,0.9409609240226887,-0.1355967997129787,0.2896849861578882,-0.22939519625430538,-0.9292257275442565,-0.9054703536973132,0.24893851328755356,-0.34373398897613416
-0.6661974912112274,0.5297420180207858,-0.1321927779478807,0.3277581226520822,0.936063604541558,-0.12790442247337777,0.2858332439571001,-0.22728677527134897,-0.9309350559709909,-0.9004854078132213,0.2685621902640381,-0.34205318340287266
-0.6655735263229242,0.5314729643498879,-0.13242298456721754,0.345167262776448,0.9307829244869773,-0.1204271904134786,0.28211670283151496,-0.22527548710483744,-0.9325562293466025,-0.8951367083808425,0.28791335917797867,-0.34034713296274877
-0.664913262092858,0.5332047603385959,-0.13264090429701716,0.3623890491691579,0.9251318584066768,-0.1131601590811991,0.27853720724553804,-0.22336351717105232,-0.9340908753311067,-0.8894330785517987,0.3069849894668882,-0.3386281367811668
-0.6642166129237166,0.5349366820057726,-0.13284676289571315,0.3794146894559431,0.9191233457724792,-0.10609792024848581,0.2750964810921071,-0.22155302346190403,-0.9355405837726275,-0.8833835064771078,0.32577067555397377,-0.3369080697064367
-0.6634835143504867,0.5366680076561109,-0.1330407800183704,0.39623595458810673,0.912770264111638,-0.09923463732599941,0.2717961273594815,-0.2198461348379601,-0.9369069015378197,-0.8769971114228599,0.34426461036589406,-0.3351983660544591
-0.6627139230396357,0.5383980183798367,-0.1332231685026028,0.412845164653169,0.9060854049312534,-0.09256408046896052,0.26863762792660306,-0.21824494930566501,-0.9381913274831182,-0.8702831119150053,0.3624615580625544,-0.33351000591046737
-0.6619078167669472,0.5401259985542222,-0.13339413367607353,0.4292351732277601,0.8990814523661492,-0.0860796612174467,0.2656223434801978,-0.21675153227729588,-0.9393953075779823,-0.86325079594995,0.3803568262390206,-0.331853503861504
-0.6610651943749262,0.541851236346893,-0.13355387268710378,0.44539935050581947,0.8917709644623921,-0.07977446653415625,0.26275151354689746,-0.2153679148121297,-0.9405202301908714,-0.8559094932864157,0.39794623784035205,-0.33023890002678524
-0.6601860757106952,0.5435730242209442,-0.1337025738598601,0.4613315654231511,0.8841663569933379,-0.073641292121704,0.26002625663349077,-0.21409609183738051,-0.9415674215483106,-0.848268549815092,0.4152261030102621,-0.3286757532485658
-0.6592705015453031,0.5452906594418553,-0.13384041607552882,0.47702616698642186,0.876279889692477,-0.06767267491966565,0.2574475704685815,-0.2129380203474317,-0.9425381413769638,-0.8403373039857671,0.4321931910743812,-0.3271731363038169
-0.6583185334753748,0.5470034445861904,-0.13396756818082592,0.4924779650009182,0.8681236547773428,-0.061860924698739106,0.25501633233892795,-0.21189561758000866,-0.9434335787382111,-0.8321250652569936,0.44884470283876077,-0.32573963299639913
-0.6573302538080077,0.5487106880520756,-0.134084188425129,0.5076822103772995,0.8597095676310574,-0.05619815468535985,0.2527332995138976,-0.21097075916795907,-0.944254848064289,-0.8236410945206886,0.465178243364536,-0.32438333699042987
-0.6563057654298213,0.5504117045714142,-0.13419042392745634,0.5226345751832363,0.8510493595025842,-0.05067631116487566,0.2505991097516045,-0.21016527726542972,-0.945002985404622,-0.8148945864433889,0.4811917953604216,-0.3231118522479058
-0.6552451916610321,0.5521058157238087,-0.13428641017445297,0.5373311325914705,0.8421545720832492,-0.045287202024936905,0.24861428188049153,-0.20948095864734678,-0.9456789448905142,-0.8058946536570492,0.4968836933161202,-0.3219322949371754
-0.6541486760954149,0.5537923504521163,-0.13437227055048115,0.5517683368617686,0.8330365538152705,-0.04002252421294481,0.24677921645039663,-0.20891954278122138,-0.946283595425924,-0.7966503127250543,0.5122525984820993,-0.32085129668338674
-0.6530163824269797,0.5554706455795687,-0.13444811590084887,0.5659430034804346,0.8237064577878269,-0.03487389009238438,0.24509419644727512,-0.20848271987050396,-0.9468177176116115,-0.7871704718035409,0.5272974747844219,-0.31987500903722194
-0.6518484942641527,0.5571400463283546,-0.13451404412914464,0.5798522895677911,0.8141752410772608,-0.029832852692540022,0.2435593880661891,-0.208172128868818,-0.9472820009094692,-0.7774639199138531,0.5420175657476504,-0.31900910904420504
-0.6506452149322218,0.5587999068395313,-0.13457013982958063,0.5934936746512504,0.8044536653903253,-0.02489092985459921,0.24217484153739402,-0.2079893554647444,-0.9476770410533845,-0.7675393177390292,0.5564123724841411,-0.31825880580319416
-0.64940676726477,0.5604495906941174,-0.1346164739551846,0.6068649418895558,0.7945522988725712,-0.020039627284422518,0.24094049200069703,-0.2079359300368577,-0.948003337712568,-0.7574051898553696,0.570481632794623,-0.31762884790921053
-0.6481333933847601,0.5620884714351748,-0.1346531035226105,0.6199641598223329,0.784481518948048,-0.015270460528487803,0.23985616042370236,-0.2080133255791573,-0.9482612924127498,-0.7470699183092492,0.5842253014124453,-0.31712353168276436
-0.6468253544759128,0.5637159330906704,-0.13468007135427726,0.632789664708439,0.7742515160611627,-0.010574975894648612,0.23892155455979006,-0.20822295559714651,-0.9484512067202625,-0.7365417374493548,0.5976435314126476,-0.31674671009452576
-0.6454829305449402,0.5653313706968512,-0.13469740585847323,0.6453400435066069,0.7638722981967949,-0.005944770343567052,0.23813626994228201,-0.20856617197522123,-0.9485732806934734,-0.7258287299252265,0.6107366567966503,-0.316501802301319
-0.6441064201751816,0.566934190821845,-0.13470512084800204,0.6576141175427033,0.7533536960603628,-0.0013715103799587052,0.23749979091143592,-0.20904426281624547,-0.9486276116056482,-0.7149388237643528,0.6235051762542175,-0.3163918037159638
-0.6426961402720994,0.568523812089157,-0.13470321539787647,0.6696109268994771,0.7427053688053997,0.0031530500247317246,0.23701149167151622,-0.2096584502545471,-0.9486141929427917,-0.7038797904418524,0.6359497380960988,-0.31641929654026657
-0.641252425801073,0.5700996657006718,-0.13469167374249869,0.6813297155568271,0.7319368102023616,0.007637052444834678,0.23667063737551136,-0.21040988824391796,-0.9485329136795682,-0.6926592438591446,0.6480711263433779,-0.31658646069676405
-0.6397756295178467,0.5716611959587519,-0.1346704652127,0.6927699173036528,0.7210573551484931,0.012088517913698488,0.2364763852355488,-0.21129966032253503,-0.9483835578359157,-0.681284640150516,0.659870247953218,-0.3168950851009536
-0.6382661216919474,0.5732078607869538,-0.1346395442129411,0.7039311424358653,0.7100761864248702,0.016515331702710852,0.23642778565748115,-0.21232877735712033,-0.948165804316487,-0.6697632782394369,0.6713481211549964,-0.317346579221549
-0.6367242898233277,0.5747391322488531,-0.13459885023890816,0.714813165249407,0.6990023416128887,0.02092522893118192,0.23652378339857552,-0.21349817526897047,-0.9478792270345646,-0.6581023010694829,0.6825058648660229,-0.3179419848817295
-0.6351505383524371,0.5762544970643977,-0.13454830793566694,0.725415912331874,0.687844720088656,0.02532578097262411,0.2367632187476403,-0.2148087127449826,-0.9475232953215983,-0.646308697437975,0.6933446891517971,-0.3186819882594969
-0.6335452883638656,0.5777534571231875,-0.13448782719646923,0.7357394516517392,0.6766120900197021,0.029724382623840546,0.23714482872740336,-0.21626116893707095,-0.9470973746230227,-0.6343893043636918,0.703865886692303,-0.3195669320499374
-0.631908977283656,0.5792355299939957,-0.13441730330223145,0.7457839824399878,0.6653130952943533,0.034128240004408936,0.23766724831929165,-0.21785624115392763,-0.9466007274805031,-0.6223508099233807,0.7140708252128275,-0.3205968277565822
-0.6302420585703203,0.5807002494298203,-0.1343366171016336,0.7555498258553395,0.653956262319774,0.03854435915561363,0.2383290117112927,-0.21959454254935032,-0.9460325148002368,-0.6101997564951044,0.7239609408354103,-0.32177136808302725
-0.6285450013995586,0.5821471658676854,-0.13424563523171443,0.7650374164209331,0.6425500066302701,0.042979535309536666,0.23912855356982857,-0.22147659981185966,-0.9453917974064399,-0.5979425443498609,0.7335377323050379,-0.32308993939953823
-0.6268182903426183,0.5835758469223691,-0.13414421037876081,0.7742472942175306,0.6311026392527354,0.04744034280087594,0.24006421033708109,-0.22350285086070965,-0.9446775378785975,-0.5855854355361536,0.7428027560431956,-0.32455163426266437
-0.6250624250381918,0.5849858778731769,-0.13403218157921507,0.7831800978157858,0.6196223727812626,0.05193312559604103,0.2411342215554755,-0.2256736425538253,-0.9438886026705288,-0.5731345580054396,0.7517576219802542,-0.32615526396871597
-0.6232779198577072,0.5863768621428352,-0.13390937456024654,0.7918365579279062,0.6081173271179101,0.05646398841610951,0.24233673122141852,-0.22798922841355995,-0.9430237645087782,-0.5605959099296066,0.7604039901173312,-0.3278993711244929
-0.621465303563826,0.587748421767523,-0.1337756021195546,0.800217491757174,0.5965955348412905,0.061038788432372475,0.24366978917064616,-0.2304497663766408,-0.9420817050672857,-0.5479753641646588,0.768743567767813,-0.3297822422208684
-0.6196251189619264,0.5891001978570144,-0.13363066454389014,0.80832379802212,0.5850649461692294,0.06566312751530862,0.24513135249790746,-0.2330553165749682,-0.9410610179147195,-0.535278672817853,0.7767781074284585,-0.3318019201967045
-0.617757922544314,0.5904318510438633,-0.1334743500657026,0.8161564526307613,0.5735334334860209,0.07034234501996668,0.24671928701387127,-0.23580583915437012,-0.9399602117302999,-0.5225114718784066,0.7845094052300707,-0.33395621698213923
-0.6158642841268811,0.5917430619205082,-0.1333064353572357,0.8237165049790686,0.5620087954090116,0.07508151109281039,0.2484313687424517,-0.23870119213874622,-0.9387777137833498,-0.5096792858747741,0.7919392999178999,-0.3362427260116225
-0.6139447864778981,0.5930335314631405,-0.13312668606131328,0.8310050748468453,0.5504987603731588,0.07988542048712353,0.250265285461906,-0.2417411293473837,-0.9375118736712204,-0.4967875325241764,0.799069672312413,-0.3386588346980975
-0.6120000249386157,0.5943029814411405,-0.13293485735797095,0.8380233498633076,0.5390109897160364,0.08475858687601531,0.25221863829323327,-0.24492529837352295,-0.9361609673096545,-0.48384152734277275,0.8059024452016385,-0.3412017368605165
-0.6100306070353221,0.5955511548108514,-0.13273069456600356,0.8447725835139865,0.5275530802493287,0.08970523765394188,0.25428894333955837,-0.24825323863255933,-0.9347232011690394,-0.47084648818734515,0.812439583617078,-0.3438684450974724
-0.608037152082504,0.5967778160924254,-0.13251393377841297,0.8512540936599275,0.5161325663064049,0.09472930921937618,0.25647363338025003,-0.25172437948855336,-0.9331967167493871,-0.45780753970194565,0.8186830954460143,-0.3466558031001126
-0.6060202907767454,0.5979827517284597,-0.13228430253065407,0.857469261539763,0.5047569212588017,0.09983444273290229,0.2587700596236031,-0.2553380384678659,-0.9315795952862962,-0.4447297176452797,0.8246350323341343,-0.34956049789761906
-0.6039806647809915,0.5991657704231064,-0.13204152050048623,0.8634195312248525,0.49343355849762954,0.10502398034650144,0.2611754935219597,-0.25909341956909054,-0.9298698626794806,-0.4316179730769062,0.8302974908334733,-0.3525790720287033
-0.6019189262988228,0.6003267034603337,-0.13178530023815493,0.8691064094974047,0.48216983187899753,0.11030096190110344,0.26368712865309274,-0.26298961167844165,-0.9280654946348936,-0.41847717638267556,0.8356726137519415,-0.3557079356322844
-0.59983573763837,0.6014654049999988,-0.1315153479255342,0.8745314661213777,0.47097303563537596,0.11566812209071498,0.26630208267168387,-0.2670255871000333,-0.9261644220108038,-0.4053121211218801,0.8407625916620465,-0.3589433784504195
-0.5977317707655374,0.6025817523503836,-0.13123136416277792,0.8796963344758122,0.4598504037576674,0.121127888092421,0.2690173993345957,-0.27120020021048946,-0.9241645363575911,-0.39212752768081743,0.8455696645278264,-0.36228158173612546
-0.5956077068461948,0.603675646215858,-0.1309330447809382,0.884602712520306,0.44880910885531444,0.12668237766246443,0.27183005060355675,-0.2755121862473919,-0.9220636956404096,-0.3789280467194069,0.8500961234105711,-0.36571863005832006
-0.593464235777046,0.6047470109183206,-0.13062008167892242,0.889252364062338,0.4378562605044108,0.1323333976992832,0.27473693882868605,-0.279960160241088,-0.9198597301332562,-0.3657182623996051,0.8543443122154426,-0.36925052299561606
-0.5913020557048814,0.6057957945911003,-0.13029216368307717,0.8936471202963547,0.42699890309607924,0.13808244327494185,0.2777348990161445,-0.28454261609930565,-0.9175504484723743,-0.3525026953861835,0.8583166294428347,-0.3728731867101297
-0.5891218725339823,0.606821969344003,-0.12994897742760134,0.8977888815846875,0.4162440131997597,0.14393069713676104,0.28082070118292013,-0.28925792585396287,-0.9151336438563475,-0.33928580561239136,0.8620155299100019,-0.37658248539188505
-0.5869243994214524,0.607825531398233,-0.12959020825390996,0.9016796194506763,0.4055984964581562,0.14987902968116257,0.2839910528015188,-0.2941043390794108,-0.9126071003796473,-0.32607199480478094,0.8654435264103291,-0.3803742325637807
-0.5847103562603171,0.6088065011899295,-0.12921554112699052,0.905321378754693,0.395069184032694,0.1559279994017854,0.2872426013370573,-0.29907998249111206,-0.9099685994858484,-0.3128656087632873,0.8686031912794573,-0.3842442022364427
-0.5824804691502607,0.6097649234411184,-0.12882466156671676,0.908716280024172,0.3846628286202569,0.16207785381381853,0.29057193687888655,-0.30418285973359505,-0.9072159265261739,-0.29967093939433437,0.8714971578394016,-0.3881881399017263
-0.5802354698559226,0.6107008671969162,-0.12841725659200973,0.9118665219092255,0.37438610006375495,0.16832853085625196,0.29397559486856945,-0.3094108513661589,-0.9043468774085193,-0.2864922264963625,0.8741281216937942,-0.3922017733529978
-0.5779760952527336,0.6116144258278775,-0.12799301567566865,0.9147743837359372,0.36424558058082723,0.1746796607732922,0.29745005892560017,-0.31476171505449113,-0.9013592653216099,-0.27333365929883957,0.8764988418493725,-0.3962808233197953
-0.5757030867603218,0.6125057169964486,-0.12755163170762493,0.9174422281300412,0.3542477596364802,0.18113056847567235,0.30099176377188863,-0.32023308597593064,-0.8982509275184857,-0.2601993777572747,0.8786121416409329,-0.40042101390394097
-0.5734171897635735,0.6133748825865418,-0.1270928019643113,0.9198725036843263,0.34439902848693815,0.18768027638188878,0.3045970982556045,-0.32582247744572546,-0.895019732143038,-0.2470934736082564,0.8804709094390246,-0.40461808280380007
-0.571119153021511,0.6142220885953429,-0.12661622908178435,0.922067747643849,0.33470567442324134,0.19432750773856589,0.3082624084744347,-0.3315272817710381,-0.8916635850829883,-0.23401999118993974,0.8820780991218352,-0.4088677913128772
-0.5688097280641986,0.6150475249865255,-0.12612162203018282,0.9240305885837782,0.32517387474434195,0.2010706904182392,0.31198400099796453,-0.3373447713389583,-0.8881804368322734,-0.22098292803476527,0.8834367302948283,-0.41316593407874846
-0.5664896685779612,0.6158514055041542,-0.1256086970870628,0.9257637490555715,0.3158096904904013,0.2079079611917974,0.31575814618828607,-0.34327209994418517,-0.8845682893455123,-0.20798623524240756,0.8845498882438833,-0.41750834860805325
-0.5641597297792711,0.6166339674466415,-0.12507717880710775,0.9272700481780337,0.3066190599679338,0.2148371704717031,0.3195810816174977,-0.34930630436133675,-0.8808252028669566,-0.19503381764221378,0.8854207236098589,-0.4218909245031203
-0.5618206677777181,0.6173954714002348,-0.12452680098568142,0.9285524041507921,0.29760779209910226,0.2218558875208898,0.32344901558022554,-0.3554443061662235,-0.8769493027160662,-0.18212953375542137,0.8860524517746732,-0.42630961241581616
-0.5594732389285701,0.618136200931617,-0.12395730761366713,0.9296138366686871,0.288781559628131,0.2289614061209173,0.3273581306987069,-0.36168291380959167,-0.8729387860117408,-0.1692771955686032,0.8864483519511716,-0.43076043270416675
-0.5571181991754726,0.6188564622393118,-0.12336845382101479,0.9304574692166525,0.28014589221816,0.23615075069165734,0.3313045876175956,-0.36801882494616195,-0.8687919283170056,-0.15648056813060549,0.8866117659711816,-0.43523948377759303
-0.5547563033839374,0.6195565837637173,-0.12276000680641164,0.9310865312257369,0.2717061694721652,0.24342068285334317,0.3352845287849125,-0.3744486290208823,-0.8645070901859977,-0.1437433689862038,0.8865460967683209,-0.4397429501167146
-0.5523883046663266,0.6202369157557026,-0.12213174675048984,0.9315043600720629,0.26346761391171003,0.2507677084203761,0.3392940823152024,-0.3809688101134968,-0.8600827235949986,-0.1310692674604601,0.886254806554174,-0.4442671099541379
-0.5500149536991036,0.6208978298038434,-0.12148346770998703,0.9317144029016888,0.25543528394720877,0.25818808481484684,0.34332936593031843,-0.3875757500416689,-0.8555173782393455,-0.11846188380840254,0.8857414146885346,-0.4488083426030738
-0.5476369980332162,0.6215397183204916,-0.12081497849029914,0.9317202182655512,0.24761406687325024,0.2656778288861971,0.3473864909727738,-0.39426573172192103,-0.850809707678163,-0.10592478824532331,0.8850094952463888,-0.4533631354211716
-0.5452551813985163,0.6221629939870235,-0.12012610349388064,0.9315254775499,0.24000867192211667,0.2732327251220328,0.35146156648607696,-0.4010349427867764,-0.8459584753090188,-0.09346149987338692,0.8840626742862685,-0.4579280903976388
-0.5428702430032102,0.6227680891587395,-0.11941668354198932,0.9311339661888993,0.2326236234082037,0.2808483342335643,0.35555070335594496,-0.4078794794554948,-0.8409625601548545,-0.08107548552073271,0.88290462682645,-0.4624999303524539
-0.5404829168293879,0.6233554552300342,-0.11868657666731093,0.9305495846473433,0.22546325399534128,0.28852000209775597,0.35965001850581985,-0.4147953506548181,-0.8358209624458517,-0.06877015850949215,0.8815390735372872,-0.467075504737297
-0.5380939309257387,0.6239255619605917,-0.11793565887505245,0.9297763491627277,0.2185316981182545,0.29624286903684555,0.36375563913964826,-0.4217784823851908,-0.8305328089792429,-0.0565488773693623,0.8799697771596463,-0.47165179502877685
-0.5357040066986284,0.6244788967635105,-0.1171638248701578,0.9288183922372141,0.21183288558844615,0.30401187941452085,0.3678637070244103,-0.4288247223268826,-0.8250973582405476,-0.044414944513493454,0.8782005386610418,-0.47622591970546846
-0.5333138582027596,0.6250159639564002,-0.11637098874836908,0.9276799628713196,0.20537053541370853,0.3118217915267529,0.37197038280445266,-0.43592984467950263,-0.8195140052702052,-0.03237160489343318,0.8762351931425667,-0.4807951388013736
-0.5309241914326903,0.6255372839766297,-0.11555708464893803,0.9263654265324508,0.1991481498592848,0.319667187764047,0.37607185033936197,-0.4430895552273482,-0.8137822862601269,-0.02042204464981437,0.8740776055111209,-0.48535685802949813
-0.528535703616534,0.6260433925620572,-0.11472206736688363,0.9248792648526802,0.1931690087773165,0.32754248502072947,0.3801643210566277,-0.4502994966221164,-0.8079018828653775,-0.008569389775241049,0.8717316659327327,-0.4899086324704053
-0.526149082513208,0.6265348398986994,-0.11386591292279409,0.9232260750514287,0.1874361642298202,0.33544194532578314,0.3842440383100811,-0.457555253873494,-0.8018726262168595,0.003183295194376906,0.8692012850839409,-0.49444816982180356
-0.5237650057146244,0.6270121897369341,-0.11298861908827289,0.9214105690799279,0.18195243542882938,0.34335968666883565,0.38830728173483653,-0.46485236003722913,-0.7956945006216398,0.014833008444218199,0.866490389219255,-0.498973333206453
-0.5213841399542674,0.6274760184779674,-0.1120902058652571,0.9194375724855697,0.17672040401568959,0.35128969399396615,0.3923503715890467,-0.47218630208935797,-0.7893676469384305,0.02637681208523937,0.8636029150736519,-0.5034821435368995
-0.519007140423604,0.6279269142324132,-0.11117071591754987,0.9173120229953785,0.1717424096997334,0.3592258303333086,0.39636967307276016,-0.4795525269743842,-0.7828923656165487,0.03781183328429877,0.8605428046198582,-0.5079727814368296
-0.5166346500978216,0.6283654758529618,-0.11023021495305414,0.9150389688189965,0.16702054627472798,0.36716184805172625,0.400361600613791,-0.4869464478143368,-0.7762691193877048,0.04913526530539891,0.8573139997008625,-0.5124435887200439
-0.5142672990723778,0.6287923119432262,-0.1092687920553278,0.9126235666726189,0.16255665802955818,0.37509140017335674,0.40432262211049447,-0.49436345026484796,-0.7694985356008998,0.06034436844845218,0.8539204365586388,-0.5168930694293175
-0.5119057039118727,0.6292080398449579,-0.10828655996323289,0.910071079526346,0.15835233656766037,0.38300805176042113,0.4082492631212086,-0.501798899003605,-0.7625814081917811,0.07143647087266976,0.8503660402804972,-0.5213198904386117
-0.5095504670127441,0.6296132846059386,-0.10728365529760295,0.9073868740783765,0.15440891804764545,0.3909052913144409,0.41213811099001213,-0.5092481443358559,-0.7555186992788938,0.08240896929252779,0.8466547191847706,-0.5257228816232944
-0.5072021759812948,0.6300086779309337,-0.10626023873401898,0.9045764179603644,0.15072748085554574,0.3987765421698437,0.41598581889852604,-0.5167065289008967,-0.7483115403804149,0.09325932953500908,0.8427903591677635,-0.5301010356041128
-0.5048614030285421,0.6303948571181838,-0.10521649512094378,0.9016452766790897,0.14730884371696484,0.4066151738499911,0.4197891098334229,-0.5241693944629988,-0.7409612332460825,0.1039850869478401,0.8387768180338939,-0.534453507071837
-0.50252870438336,0.6307724639839902,-0.10415263354263654,0.8985991103003436,0.14415356425532366,0.41441451335579116,0.4235447804594922,-0.5316320887695731,-0.7334692503002571,0.11458384664930323,0.834617919830977,-0.5387796117004261
-0.5002046197253779,0.63114214377801,-0.10306888732644949,0.8954436698816344,0.14126193800026499,0.42216785635730253,0.42724970488810204,-0.5390899724589618,-0.7258372346933061,0.1250532836111876,0.8303174492124114,-0.5430788246575765
-0.4978896716390476,0.6315045440919362,-0.10196551399427295,0.8921847936608918,0.13863399784816088,0.4298684782592323,0.43090083833120724,-0.5465384259998418,-0.7180669999596685,0.13539114256750404,0.8258791458477759,-0.5473507787223968
-0.49558436509027737,0.6318603137642863,-0.10084279515809122,0.8888284030089187,0.1362695139745559,0.437509645111686,0.4344952206311491,-0.5539728566438307,-0.7101605292823326,0.1455952377425324,0.821306698903042,-0.5515952620206989
-0.4932891869269661,0.632210101784052,-0.09970103635977302,0.8853804981537322,0.13416799419631478,0.44508462433832363,0.43802997965682466,-0.561388705372754,-0.7021199743645989,0.15566345239294388,0.8166037416110956,-0.5558122153892164
-0.4910046054047507,0.6325545561959974,-0.09854056685542241,0.8818471536853569,0.1323286847791831,0.4525866952547833,0.4415023345570715,-0.5687814538216627,-0.6939476539114253,0.1655937381596588,0.8117738459528784,-0.5600017293805288
-0.4887310697391982,0.6328943230103943,-0.09736173934477847,0.8782345138498613,0.13075057168449547,0.4600091593512844,0.4449095988624475,-0.576146631158797,-0.6856460517237921,0.1753841142263298,0.8068205174687532,-0.5641640409211661
-0.4864690096856361,0.633230045119995,-0.09616492964634589,0.8745487876416576,0.12943238224680687,0.46734535031432956,0.44824918342699493,-0.5834798209034948,-0.6772178144108865,0.1850326662823091,0.801747190219175,-0.5682995296356649
-0.4842188351477337,0.6335623612270318,-0.09495053631910705,0.8707962437031785,0.12837258727237363,0.4745886437636612,0.4515185992019866,-0.5907766676631971,-0.668665748726106,0.19453754528910286,0.7965572219130055,-0.5724087138497501
-0.48198093581589424,0.6338919047830045,-0.09371898023184894,0.8669832050410833,0.12756940354659863,0.4817324666819292,0.4547154598341095,-0.5980328837707888,-0.6599928185341477,0.20389696605036986,0.7912538892211268,-0.5764922462860149
-0.4797556808364277,0.6342193029439966,-0.09247070408130657,0.8631160435680935,0.12702079673685532,0.48877030651595005,0.45783748408098374,-0.6052442558037697,-0.6512021414176522,0.21310920558661012,0.7858403832922278,-0.5805509094656287
-0.4775434185123987,0.634545175544211,-0.09120617186048798,0.8592011744794051,0.126724484675485,0.4956957199300227,0.4608824980375724,-0.6124066509669918,-0.6422969849330137,0.22217260131676325,0.780319805486908,-0.5845856108296001
-0.4753444760369737,0.6348701340903584,-0.08992586827871843,0.8552450504724507,0.12667794100625357,0.5025023411933436,0.4638484371674164,-0.6195160233211063,-0.6332807625261861,0.2310855490499585,0.7746951633454404,-0.5885973775930884
-0.47315915925998264,0.6351947807794777,-0.08863029813508506,0.8512541558184537,0.12687839917614105,0.5091838901853747,0.46673334813334055,-0.6265684198393191,-0.6241570291203171,0.23984650079176573,0.7689693668037487,-0.5925873513461009
-0.47098775248834274,0.635519707542677,-0.08731998564712164,0.8472350002938949,0.12732285675305943,0.5157341800048196,0.4695353904228287,-0.6335599862755222,-0.6149294763881804,0.2484539623702651,0.7631452246714252,-0.5965567824136399
-0.46883051832087985,0.6358454951172131,-0.08599547373670949,0.8431941129795604,0.12800808004892114,0.5221471241698085,0.47225283776390053,-0.6404869728275183,-0.6056019277233062,0.25690649088832906,0.757225441384817,-0.6005070239880748
-0.46668769751800276,0.6361727121492198,-0.084657323275308,0.8391380359343623,0.1289306090264492,0.5284167433988914,0.4748840793279333,-0.6473457395796943,-0.5961783329247043,0.2652026920094937,0.7512126140475062,-0.604439526046097
-0.46455950890657727,0.6365019143292971,-0.08330611229074787,0.8350733177505634,0.13008676246722886,0.5345371719645525,0.47742762071660244,-0.6541327617102128,-0.5866627626109007,0.2733412170858072,0.7451092297698136,-0.608355829062141
-0.4624461493202587,0.6368336435630579,-0.08194243513794315,0.8310065069964463,0.1314726433777341,0.5405026636130821,0.47988208473071636,-0.6608446344485785,-0.5770594023798816,0.2813207601370117,0.7389176633183132,-0.6122575575296216
-0.4603477935754259,0.637168427178605,-0.08056690163597206,0.8269441455517881,0.1330841446094608,0.5463075970469304,0.48224621191942574,-0.6674780777703372,-0.5673725467321978,0.2891400546914712,0.7326401750856856,-0.616146413300791
-0.4582645944827771,0.6375067771727871,-0.07918013617408463,0.822892761840845,0.13491695466884077,0.5519464809678853,0.48451886090897434,-0.6740299408164695,-0.5576065927752439,0.29679787050013806,0.7262789093907606,-0.6200241687553404
-0.45619668289453746,0.6378491894979403,-0.07778277678927131,0.8188588639667996,0.13696656369230836,0.5574139586818068,0.4866990085108363,-0.6804972060260591,-0.5477660337272622,0.30429301013590654,0.7198358931180413,-0.6238926598072629
-0.454144167787124,0.6381961433906818,-0.07637547421809765,0.8148489327508655,0.13922826956176546,0.5627048122680417,0.48878574960979426,-0.6868769929717861,-0.5378554522401243,0.3116243054916725,0.7133130347055726,-0.6277537787588056
-0.4521071363790241,0.6385481007441766,-0.07495889092558196,0.810869414678502,0.14169718413569748,0.5678139663190381,0.49077829683312124,-0.6931665618888279,-0.527879513560436,0.3187906141913908,0.70671212348964,-0.6316094670096702
-0.4500856542835395,0.6389055055251428,-0.07353370011393094,0.8069267147543855,0.1443682395714219,0.5727364912581904,0.49267598000281565,-0.6993633168887836,-0.5178429585488096,0.3257908159294234,0.7000348294144854,-0.635461707628928
-0.44807976569595076,0.6392687832367043,-0.07210058471399643,0.8030271892670265,0.14723619471429122,0.5774676062464063,0.4944782453733855,-0.7054648088513783,-0.5077505965774399,0.3326238087545105,0.6932827031149296,-0.6393125177964993
-0.44608949361455985,0.6396383404280419,-0.0706602363623318,0.7991771384631459,0.1502956415302572,0.5820026816904423,0.49618465465840533,-0.71146873798779,-0.49760729832628103,0.33928850531572197,0.6864571763796121,-0.6431639411204219
-0.44411484009498803,0.6400145642516315,-0.06921335436675516,0.7953827991312129,0.15354101155889574,0.5863372413685383,0.4977948838496698,-0.7173729560705425,-0.4874179884982755,0.3457838290887681,0.6795595630024511,-0.6470180398355422
-0.4421557865370017,0.6403978220686947,-0.06776064466331407,0.7916503370928271,0.15696658236494362,0.5904669641914633,0.4993087218333727,-0.723175468326111,-0.47718763847404266,0.35210871060218973,0.6725910600297773,-0.6508768868888217
-0.44021229400305906,0.6407884611033203,-0.06630281876754808,0.7879858395999962,0.16056648396746512,0.5943876856195918,0.5007260688083561,-0.7288744349874814,-0.4669212589263947,0.3582620836840231,0.6655527494105976,-0.6547425579159921
-0.4382843035676943,0.6411868081455554,-0.06484059272291613,0.7843953076357871,0.16433470522710233,0.5980953987591612,0.5020469345120218,-0.7344681725050756,-0.4566238924149022,0.36424288175068054,0.65844560005742,-0.6586171231140167
-0.43637173669676577,0.6415931693035981,-0.06337468604923412,0.7808846481153457,0.16826510017327795,0.6015862551633385,0.5032714362600328,-0.7399551544155785,-0.44630060598052196,0.37005003416097054,0.6512704703251134,-0.6625026390135892
-0.4344744956555304,0.6420078298050625,-0.06190582069391189,0.7774596659838722,0.1723513942549686,0.6048565653662149,0.5043997968064822,-0.7453340118693405,-0.43595648375994306,0.37568246265939115,0.6440281109152942,-0.6664011401558769
-0.43259246394442386,0.6424310538471322,-0.06043471998873294,0.7741260562078939,0.17658719050047922,0.6079027991802307,0.5054323420316122,-0.7506035338181709,-0.4255966196389642,0.3811390779340934,0.6367191682137594,-0.6703146306778089
-0.4307255067613817,0.6428630844952515,-0.05896210761485914,0.7708893956560503,0.18096597557372682,0.6107215857898742,0.5063694984647129,-0.7557626668663439,-0.41522610996379666,0.38641877631611593,0.6293441880685966,-0.6742450758104462
-0.42887347148945165,0.6433041436298625,-0.05748870657865403,0.7677551348656033,0.18548112571681968,0.6133097136768018,0.507211790650148,-0.7608105147888284,-0.4048500463285493,0.3915204366479106,0.6219036200164614,-0.6781943932954994
-0.4270361882084106,0.6437544319405428,-0.056015238200855695,0.764728589691158,0.19012591257110628,0.6156641304136343,0.507959838364904,-0.7657463377216625,-0.3944735084567305,0.3964429173503705,0.6143978219646176,-0.6821644447256552
-0.4252134702290393,0.6442141289667543,-0.05454242112151665,0.7618149328324334,0.1948935088715786,0.6177819423657827,0.5086143536963839,-0.7705695510304852,-0.3841015571937792,0.40118505371900925,0.6068270653360812,-0.6861570268153458
-0.42340511464867175,0.64468339318428,-0.053070970323045114,0.7590191852386127,0.19977699401225735,0.6196604143425165,0.5091761379894321,-0.7752797238641558,-0.3737392276270785,0.4057456554812139,0.5991915406850673,-0.6901738626096872
-0.4216109029265862,0.6451623621362901,-0.05160159617356438,0.7563462073876722,0.2047693594832219,0.6212969692402461,0.5096460786719076,-0.7798765774013163,-0.3633915223490449,0.41012350464784725,0.5914913637895649,-0.6942165926407463
-0.4198306014777847,0.6456511526078575,-0.05013500349269589,0.7538006904402542,0.20986351418309568,0.6226891877225087,0.5100251459683317,-0.7843599827986105,-0.35306340487814003,0.4143173536937321,0.5837265822274034,-0.6982867660419589
-0.41806396228366416,0.6461498608426267,-0.04867189064174798,0.7513871472691118,0.21505228961410952,0.6238348079824622,0.5103143895113009,-0.7887299588501301,-0.3427597932517465,0.41832592410283936,0.5758971824414503,-0.7023858316335151
-0.4163107235180757,0.6466585628002213,-0.047212948640171504,0.7491099033669345,0.22032844497031662,0.6247317256347273,0.5105149348605148,-0.7929866693684045,-0.3324855538040247,0.4221479053151231,0.5680030972987445,-0.7065151289937724
-0.4145706101872417,0.6471773144528863,-0.04575886031000687,0.7469730876374777,0.22568467213311924,0.6253779937841589,0.5106279799394601,-0.797130420297925,-0.32224549514089373,0.42578195411299247,0.5600442141472585,-0.7106758795343354
-0.4128433347819881,0.6477061521197549,-0.044310299449912265,0.7449806230773882,0.23111360059194339,0.625771823319534,0.5106547913997376,-0.8011616565729537,-0.3120443623233262,0.4292266944863946,0.5520203833724879,-0.7148691775993526
-0.41112859794075246,0.6482450928370523,-0.04286793004022896,0.7431362173589853,0.23660780231163778,0.6259115834801557,0.5105967009231606,-0.8050809587318628,-0.3018868312692181,0.4324807180161481,0.5439314274544558,-0.7190959816127434
-0.409426089121818,0.6487941347624673,-0.04143240548039496,0.7414433533274934,0.2421597965719784,0.6257958027429552,0.5104551014717397,-0.8088890393008318,-0.29177750338306296,0.4355425848157196,0.5357771505236063,-0.7233571053005885
-0.40773548728323405,0.6493532576118539,-0.04000436785987488,0.7399052794298637,0.24776205480845873,0.6254231700767934,0.510231443495572,-0.81258673896024,-0.28172090042165415,0.4384108250719189,0.5275573484115759,-0.7276532090197271
-0.4060564615688881,0.6499224231263692,-0.03858444726363142,0.7385250000963803,0.2534070054873074,0.6247925366092311,0.5099272311086874,-0.8161750225074409,-0.271721459603038,0.44108394122487404,0.5192718191900407,-0.7319847912276576
-0.40438867199921735,0.6505015755680976,-0.03717326111302215,0.7373052661007071,0.2590870390513449,0.6239029177490456,0.5095440182427122,-0.8196549746300148,-0.26178352896494467,0.4435604108272468,0.5109203741874819,-0.7363521801331803
-0.40273177016505646,0.6510906422421724,-0.03577141354285626,0.7362485649288796,0.2647945129768411,0.6227534958051405,0.5090834047881098,-0.8230277955038833,-0.2519113629778608,0.4458386901217867,0.5025028494699069,-0.740755525571773
-0.4010853999231472,0.6516895340433702,-0.03437949481520364,0.7353571111929884,0.2705217569848765,0.621343623139176,0.5085470327326381,-0.8262947962308654,-0.24210911841692714,0.44791721837492643,0.4940191177673272,-0.745194791154407
-0.39944919809186524,0.6522981460251305,-0.03299808077041658,0.7346328371309148,0.27626107845373893,0.6196728258852084,0.5079365823063736,-0.82945739413048,-0.2323808504958914,0.44979442300222366,0.485469100822957,-0.7496697467433552
-0.397822795145747,0.6529163579889345,-0.031627732315667054,0.734077383239358,0.28200476808167574,0.6177408082648072,0.5072537681425271,-0.8325171079008797,-0.22273050926526097,0.4514687255189056,0.47685278213674603,-0.7541799613134652
-0.3962058159074364,0.6535440350919677,-0.030268994951190148,0.7336920890936369,0.2877451058515287,0.615547457520464,0.5065003354629626,-0.8354755526638578,-0.21316193627598692,0.4529385483454914,0.46817022006906217,-0.7587247962622314
-0.3945978802357082,0.6541810284709942,-0.02892239833426524,0.7334779844141003,0.29347436735065524,0.6130928494836337,0.505678056297101,-0.8383344349088973,-0.20367886150891024,0.45420232249451853,0.4594215612638492,-0.7633033992368126
-0.3929986037082768,0.6548271758803724,-0.027588455880863467,0.733435780445557,0.2991848305006223,0.6103772547863581,0.5047887257425537,-0.8410955473511459,-0.19428490056946113,0.4552584961595171,0.4506070543437938,-0.7679146985506815
-0.3914075982981243,0.6554823023421635,-0.026267664404746,0.7335658617227003,0.3048687827516899,0.6074011457171736,0.5038341582755663,-0.8437607637181069,-0.1849835521460986,0.45610554422171073,0.4417270638226057,-0.7725573982668711
-0.38982447304215706,0.6561462208062954,-0.024960503793690147,0.733868278301026,0.3105185287967466,0.604165203712852,0.5028161841189849,-0.8463320334796823,-0.17577819573021222,0.45674197868327254,0.43278208417175706,-0.7772299740285622
-0.388248834701019,0.6568187328187871,-0.023667436722399043,0.7343427385390903,0.3161263988581303,0.6006703274674883,0.5017366456751045,-0.848811376536003,-0.16667208959435934,0.457166360028386,0.4237727539708586,-0.781930669721012
-0.38668028840897195,0.6574996291960595,-0.022388908401547874,0.7349886025239538,0.3216847575985298,0.5969176416296141,0.500597394030442,-0.8512008778772092,-0.157668369024985,0.45737730950476313,0.4146998700624869,-0.7866574950512711
-0.3851184383127868,0.6581886907034091,-0.021125346362317228,0.7358048762372205,0.3271860137038321,0.592908506046358,0.49940028553902654,-0.8535026822290848,-0.14877004480505096,0.457373522308701,0.4055644016236552,-0.7914082241337771
-0.3835628881986524,0.6588856887357628,-0.0198771602756586,0.7367902065639463,0.33262263018130955,0.5886445255013635,0.4981471784904762,-0.8557189886981025,-0.13998000194125781,0.457153781646215,0.3963675040574902,-0.7961803951704665
-0.38201324210616827,0.6595903859988864,-0.018644741805464563,0.7379428772507926,0.33798713541072056,0.5841275598802687,0.49683992986870856,-0.8578520454290547,-0.13130099863003208,0.45671697363123964,0.38711053260024086,-0.8009713113133825
-0.38046910492854114,0.6603025371892727,-0.017428464494718042,0.7392608059228372,0.3432721349788834,0.5793597346842084,0.4954803922067126,-0.8599041442880794,-0.12273566545576083,0.4560621029695399,0.37779505553041004,-0.8057780427957659
-0.3789300829981681,0.6610218896709957,-0.01622868368362882,0.7407415422703053,0.34847032431981395,0.5743434517981844,0.4940704105424409,-0.8618776155834179,-0.11428650481428752,0.4551883093637561,0.3684228668591096,-0.8105974304140623
-0.37739578465684187,0.6617481841478884,-0.015045736458688317,0.7423822675169195,0.3535745021727502,0.5690814004074715,0.49261181948041705,-0.8637748228358311,-0.10595589055414309,0.4540948845611788,0.3589959983735476,-0.8154260904380909
-0.3758658208098836,0.6624811553294595,-0.013879941631527917,0.7441797952804108,0.35857758485915603,0.563576567941731,0.4911064403633087,-0.8655981576100484,-0.09774606782766142,0.45278128995143463,0.34951673089948815,-0.820260421019599
-0.3743398054635593,0.6632205325890412,-0.0127315997463876,0.7461305739327379,0.36347262136740005,0.557832250913403,0.48955607855721883,-0.8673500344182015,-0.08965915314357466,0.45124717460664665,0.33998760464325073,-0.8250966101605698
-0.3728173562451996,0.6639660406127352,-0.011600993114980406,0.7482306905626734,0.3682528092199659,0.5518520655046133,0.487962520854094,-0.8690328857056093,-0.08169713461253807,0.4494923936417863,0.3304114284703008,-0.8299306452917573
-0.3712980949054996,0.6647174000377943,-0.010488385877476067,0.7504758766363484,0.37291151108327253,0.545639957745485,0.4863275329942421,-0.8706491569287587,-0.07386187237659206,0.44751702675835525,0.32079128797526923,-0.8347583244990908
-0.36978164780253975,0.6654743280791569,-0.009394024088308793,0.7528615154420677,0.3774422720642875,0.5392002131168177,0.48465285731149477,-0.8722013017347906,-0.06615509921344212,0.44532139682040506,0.311130552198085,-0.8395752694206983
-0.36826764636711873,0.6662365391429343,-0.008318135825483146,0.755382651394134,0.38183883762152837,0.532537465401833,0.48294021050320035,-0.87369177725122,-0.05857842130621935,0.44290608829851663,0.3014328788427767,-0.844376939820518
-0.3667557275490496,0.6670037454257204,-0.007260931322025815,0.7580340012564358,0.3860951720009505,0.5256567046055002,0.48119128152680546,-0.8751230394940654,-0.05113331916919591,0.4402719654051893,0.2917022178596261,-0.8491586498258303
-0.36524553424412887,0.6677756574986855,-0.00622260311823216,0.7608099673302913,0.39020547708979947,0.5185632837561901,0.4794077296244398,-0.8764975389019667,-0.0438211487199448,0.4374201897343337,0.2819428132581463,-0.8539155857957281
-0.3637367157015417,0.6685519848754873,-0.005203326233334602,0.7637046526324518,0.3941642115643132,0.5112629244033148,0.47759118247647764,-0.8778177160033305,-0.036643142488271836,0.4343522372087728,0.2721592030275282,-0.8586428257658447
-0.36222892791151307,0.6693324365631155,-0.00420325835523318,0.766711878068508,0.3979661101902994,0.5037617206265914,0.4757432344847404,-0.8790859972229391,-0.029600410952346348,0.43106991413303114,0.26235621705336587,-0.8633353603917705
-0.36072183397307617,0.6701167215948687,-0.0032225400469229532,0.7698252015843191,0.4016062031197326,0.49606614137775484,0.4738654451856261,-0.8803047908338892,-0.02269394399241517,0.42757537214471325,0.2525389729341898,-0.8679881152899818
-0.35921510444187554,0.6709045495447377,-0.002261294968271688,0.7730379392538235,0.4050798350118195,0.4881830309842805,0.4719593377931061,-0.8814764830601703,-0.015924612452617528,0.4238711218567443,0.24271286961895966,-0.872595974651061
-0.3577084176579667,0.6716956310225499,-0.0013196301118136922,0.7763431882360596,0.40838268379405085,0.48011960765692385,0.4700263978711667,-0.8826034343346372,-0.009293169801504877,0.4199600449849072,0.23288357880682112,-0.8771538059761254
-0.3562014600536288,0.6724896781493059,-0.0003976360512495178,0.7797338515077736,0.4115107788679355,0.4718834598588495,0.46806807213504703,-0.8836879757165287,-0.002800253882038855,0.4158454047607528,0.2230570340731893,-0.8816564857640632
-0.3546939264412436,0.6732864050122149,0.0005046127986331077,0.7832026642511629,0.4144605185558499,0.4634825404136559,0.46608576738016344,-0.8847324054722259,0.00355361125797963,0.4115308544392801,0.21323941771104385,-0.8860989259550713
-0.35318552028134353,0.6740855280990097,0.0013870579118721372,0.7867422217495568,0.4172286865800946,0.4549251582526738,0.46408084953749734,-0.8857389858223041,0.009768013463888284,0.4070204437238094,0.20343714530322224,-0.8904761009155434
-0.35167595393096973,0.6748867667111944,0.0022496563722947125,0.7903450086178132,0.41981246736319805,0.4462199677281738,0.4620546428537562,-0.8867099398575239,0.015842650509117692,0.4023186229472808,0.19365684806969838,-0.8947830747312522
-0.3501649488725165,0.6756898433559482,0.003092380586715893,0.7940034291694426,0.42220945994001285,0.43737595544831764,0.4600084291945323,-0.8876474486257888,0.021777328075464047,0.397430244869644,0.1839053530631719,-0.8990150285604601
-0.3486522359232854,0.6764944841164751,0.003915217991504663,0.7977098386995806,0.42441769027739085,0.4284024246213995,0.4579434474682604,-0.8885536483917054,0.027571957686652538,0.39236056397499197,0.17418966131603394,-0.9031672877866157
-0.3471375554259975,0.6773004190006575,0.004718170753615899,0.8014565754425329,0.42643562180642314,0.419308976930493,0.4558608931686861,-0.8894306280698153,0.03322655460292886,0.3871152331791852,0.1645169240713649,-0.9072353487021556
-0.34562065742054704,0.6781073822679339,0.0055012554671329626,0.8052359929452472,0.42826216398529166,0.41010549199458074,0.4537619180332194,-0.8902804268321796,0.03874123568403494,0.38170029788866533,0.15489441725945835,-0.9112149044509517
-0.3441013017973191,0.6789151127343802,0.006264502846310793,0.8090404925842808,0.4298966787277254,0.4008021045077672,0.4516476298144041,-0.8911050318904968,0.04411621722754078,0.3761221873833228,0.14532951440883343,-0.9151018699574804
-0.3425792584324099,0.6797233540560388,0.007007957416071498,0.8128625559440151,0.431338984552682,0.39140917918365675,0.4495190921615127,-0.891906376452543,0.04935181278923586,0.37038770353030254,0.1358296582059915,-0.9188924055759696
-0.341054307305127,0.6805318549905834,0.0077316772008328765,0.8166947767684825,0.43258935833486295,0.38193728366645485,0.44737732460911017,-0.8926863378522875,0.0544484309917808,0.3645040068705324,0.1264023309409428,-0.9225829392027707
-0.33952623859816455,0.6813403696374767,0.00843573341250985,0.8205298921983759,0.4336485345626755,0.37239715960324626,0.4452233026692215,-0.8934467358526702,0.05940657332753415,0.35847860015520155,0.11705502409487799,-0.9261701866098448
-0.33799485278087393,0.682148657656815,0.009120210138463336,0.8243608130088497,0.4345177020397681,0.3627996921022229,0.44305795802365516,-0.8941893311196245,0.06422683196100946,0.3523193094442846,0.10779520734206116,-0.9296511697764838
-0.336459960676072,0.6829564844671094,0.009785204030118613,0.8281806525725252,0.43519849799771126,0.35315587782887387,0.4408821788128299,-0.8949158238655867,0.06890988753604654,0.34603426291307976,0.0986302972494491,-0.9330232330197823
-0.3349213835108499,0.6837636214222973,0.01043082399291592,0.831982754285678,0.4356929996201594,0.3434767920154209,0.43869681001734967,-0.8956278526604017,0.07345650699236565,0.33963186754457786,0.0895676259644443,-0.9362840567516227
-0.3333789529518566,0.684569845968318,0.01105719087820078,0.835760717213622,0.43600371301218865,0.3337735546776545,0.4365026539284711,-0.8963269934071928,0.07786754139578014,0.3331207839147438,0.08061441018333723,-0.9394316687204127
-0.33183251112555556,0.6853749417796329,0.011664437177601095,0.839508419733444,0.4361335596817905,0.3240572963473365,0.4343004707034749,-0.8970147584804794,0.08214392378592322,0.32650989930382757,0.0717777206903188,-0.9424644526289079
-0.3302819106239616,0.6861786988760997,0.012252706720385096,0.8432200409781254,0.43608586063294785,0.3143391236369883,0.4320909790019115,-0.8976925960235168,0.08628666704496551,0.31980829938889765,0.06306445274938748,-0.9453811540544912
-0.3287270144963784,0.6869809137206546,0.01282215437423379,0.8468900799150102,0.4358643182006446,0.3046300849572065,0.42987485669855985,-0.898361889401594,0.09029686179037881,0.3130252387906455,0.054481297619320725,-0.9481808836344332
-0.3271676962276642,0.687781389298284,0.013372945749812197,0.8505133719230515,0.4354729957869138,0.29494113670434563,0.4276527416689161,-0.8990239568077395,0.09417567429445206,0.306170110760571,0.046034715445258535,-0.9508631175152046
-0.32560383970357404,0.688579935176797,0.013905256909465044,0.8540851027664444,0.4349162956829869,0.28528311022880565,0.4254252326429638,-0.8996800510170694,0.09792434443285238,0.29925241630288113,0.03773090975992848,-0.9534276951009841
-0.3240353391637161,0.689376367549944,0.01441927408031101,0.8576008198965597,0.4341989351852324,0.27566667988126314,0.4231928901229175,-0.900331359285786,0.101544183664162,0.29228173302853017,0.0295758038034287,-0.9558748141714061
